0.062500 2.98221198663153e-08 1.72093080133685e-07 2.94234742663153e-08
0.073864 3.30152849006695e-07 5.90662550993305e-07 3.06470209006695e-07
0.084418 1.38587266300868e-06 1.45223533699132e-06 1.18459626300868e-06
0.094356 5.0965732845647e-06 2.6870187154353e-06 3.7945092845647e-06
0.103801 1.09883607495053e-05 6.54669925049472e-06 7.10361374950528e-06
0.112839 3.17733132967662e-05 7.69184670323377e-06 1.99799632967662e-05
0.121533 5.41487030104527e-05 2.62057569895474e-05 2.49138830104526e-05
0.129933 0.000123237929005805 1.71989709941951e-05 7.05044290058049e-05
0.138074 0.000210373582581217 2.27433174187831e-05 0.000118416812581217
0.145988 0.000312467897002203 4.85118029977966e-05 0.000169110297002203
0.153699 0.000460015791332622 0.000104892608667378 0.000214604291332622
0.161227 0.000678152874368529 0.000131977925631471 0.000321906374368529
0.168589 0.000915575503097435 0.000146587496902565 0.000475262903097435
0.175800 0.00118913156408885 0.000223528435911147 0.000603990164088854
0.182872 0.00155654649351999 0.000320707506480009 0.000757236693519991
0.189818 0.00207933605757679 0.000460401942423212 0.000929809057576788
0.196645 0.00262366456083929 0.000557938439160706 0.00115465756083929
0.203363 0.00333444466349624 0.000740594336503765 0.00138411966349624
0.209980 0.00420842970481142 0.000937462295188582 0.00166571770481142
0.216501 0.00503266296190943 0.00104499703809057 0.00208215796190943
0.222934 0.00563784318782379 0.00165713181217621 0.00204280318782379
0.229283 0.00691358638909394 0.00195307361090606 0.00237677738909394
0.235554 0.00822322704489872 0.00236396295510128 0.00263583004489872
0.241751 0.00950497889255962 0.00273356110744038 0.00293588389255962
0.247878 0.0112801833299905 0.00223037667000949 0.00414981432999051
0.253940 0.0131712328761502 0.00253536712384984 0.00454425187615016
0.259938 0.0140518711371281 0.00379466886287188 0.00403877113712812
0.265878 0.0178564118448165 0.00194394815518353 0.00667074184481647
0.271762 0.0203972191370968 0.0021228208629032 0.0072546791370968
0.277593 0.0221040162687475 0.00291996373125251 0.00726166626874749
0.283373 0.0244703426506368 0.00374012734936321 0.00719171265063679
0.289105 0.0273203993836672 0.0042306006163328 0.00741315938366719
0.294791 0.0305891993570318 0.00464629064296816 0.00781122935703184
0.300433 0.0338062962523545 0.0043640437476455 0.0087792762523545
0.306034 0.0385248901840237 0.00334662981597635 0.0104101601840237
0.311595 0.0429900353621441 0.00307106463785589 0.0112853053621441
0.317118 0.0469356535852151 0.00323447641478489 0.0118860435852151
0.322604 0.0506504080775454 0.00357180192245465 0.0123853080775454
0.328056 0.0560309557277768 0.00438800427222324 0.0122180957277768
0.333475 0.0607385790348994 0.00431685096510064 0.0131196490348994
0.338862 0.0664512303055291 0.00523907969447092 0.0129465603055291
0.344218 0.0720773393959779 0.00577341060402206 0.0132659693959779
0.349546 0.0773425588682347 0.00603423113176534 0.0137081888682347
0.354846 0.0840944625689202 0.00639373743107977 0.0144834725689202
0.360119 0.0910308283897697 0.00711479161023033 0.0147883983897697
0.365367 0.0985681992965939 0.00969260070340611 0.0134470092965939
0.370590 0.106686860897068 0.00944053910293156 0.0149976708970685
0.375791 0.117202644659576 0.00550665534042416 0.0202193946595759
0.380969 0.12311200734974 0.00968389265026021 0.0172154073497398
0.386125 0.132472432089011 0.0100343679109889 0.0181607320890111
0.391261 0.141242481720694 0.0120799182793058 0.0177149817206942
0.396378 0.152989290561781 0.0111969094382189 0.0197078905617812
0.401477 0.16380709009634 0.0120870099036596 0.0205346900963403
0.406557 0.174129716395224 0.0135663836047756 0.0202123163952244
0.411620 0.185726199938402 0.0132401000615977 0.0220723999384023
0.416668 0.195593587038884 0.0155962129611155 0.0210683870388845
0.421700 0.211342430125227 0.0126257698747733 0.0252961301252267
0.426717 0.224346824521761 0.0130879754782388 0.0258954245217612
0.431720 0.237100561047135 0.0136038389528647 0.0268278610471352
0.436709 0.248654582637862 0.0166789173621383 0.0256125826378616
0.441686 0.262530097177626 0.0193696028223744 0.0240967971776256
0.446651 0.274614214163666 0.0204240858363339 0.0241060141636661
0.451605 0.288822810127948 0.0196236898720517 0.0258106101279483
0.456547 0.30216239102149 0.0209047089785104 0.0255322910214896
0.461480 0.315320914000206 0.0196716859997941 0.0273928140002059
0.466402 0.331388622400248 0.0185167775997516 0.0292982224002484
0.471316 0.346267149503916 0.0180474504960841 0.0304432495039159
0.476221 0.361305227100887 0.0175709728991132 0.0313007271008868
0.481118 0.375702853152538 0.0178535468474619 0.0318897531525381
0.486007 0.391671535585242 0.0179078644147577 0.0325637355852423
0.490889 0.406105734672153 0.0177821653278469 0.0332351346721531
0.495765 0.421674364639321 0.0219763353606786 0.0292904646393214
0.500634 0.435921096466362 0.0186770035336383 0.0324895964663617
0.505498 0.451418264154844 0.0217293358451557 0.0291793641548443
0.510357 0.46582881155767 0.0211027884423304 0.0300142115576695
0.515211 0.479505100964135 0.0214809990358654 0.0295781009641345
0.520061 0.491701141132837 0.0221952588671626 0.0292430411328374
0.524907 0.511298126432495 0.018749473567505 0.0324185264324949
0.529749 0.525674374437382 0.0170978255626185 0.0341065744373815
0.534589 0.538011913674729 0.0179731863252707 0.0326161136747294
0.539425 0.549452529766611 0.0168426702333888 0.0334473297666111
0.544260 0.563085872688329 0.016140927311671 0.033781472688329
0.549092 0.575989644121793 0.0165305558782074 0.0332003441217926
0.553923 0.589089057881509 0.0167087421184905 0.0330861578815095
0.558753 0.600365576627708 0.0150977233722916 0.0342509766277083
0.563582 0.613146781821361 0.0131309181786385 0.0355751818213614
0.568411 0.626848149270588 0.0115475507294117 0.0366781492705883
0.573240 0.639040704745056 0.0117408952549436 0.0359951047450564
0.578069 0.650608356306601 0.0120096436933993 0.0355311563066006
0.582898 0.660143722194944 0.0103772778050558 0.0365470221949441
0.587729 0.670967987899832 0.00994121210016763 0.0366956878998324
0.592561 0.682124971599079 0.0101884284009207 0.0360958715990792
0.597394 0.692547635493578 0.0103098645064215 0.0355617354935784
0.602229 0.703072983843904 0.0107692161560962 0.0346285838439039
0.607067 0.707778670083895 0.0162977299161055 0.0289384700838945
0.611907 0.717299379385957 0.0160754206140428 0.0283572793859572
0.616750 0.726733127028836 0.0162519729711641 0.0279320270288359
0.621596 0.735637429406773 0.0157884705932266 0.0279413294067734
0.626446 0.745591446976509 0.017852953023491 0.0255366469765089
0.631299 0.755251609077952 0.0170733909220478 0.0258086090779521
0.636157 0.76202977667815 0.0152463233218504 0.0270764766781496
0.641018 0.770544517080564 0.0153705829194359 0.026100517080564
0.645885 0.779038590484427 0.0139329095155727 0.0269187904844272
0.650756 0.7915298314339 0.00906986856610048 0.0314311314338996
0.655632 0.799650483943366 0.00995911605663358 0.0300593839433665
0.660514 0.806200364899969 0.00809973510003092 0.0314372648999692
0.665401 0.813363348164363 0.00848185183563754 0.0305480481643625
0.670295 0.818846571395492 0.00898112860450784 0.0293852713954923
0.675194 0.825311871008968 0.00877632899103187 0.0291807710089682
0.680101 0.831379799219584 0.00842150078041637 0.0288728992195837
0.685013 0.837686009875817 0.00817539012418333 0.0286769098758166
0.689933 0.844424059258784 0.00995874074121594 0.026587959258784
0.694860 0.850512715500897 0.00948718449910269 0.0262422155008973
0.699795 0.856345880842227 0.009531219157773 0.025808780842227
0.704737 0.86131502098064 0.00956057901936058 0.0251870209806394
0.709687 0.867137929082108 0.00971367091789199 0.024617129082108
0.714646 0.871142470567698 0.010968729432302 0.0227619705676979
0.719613 0.876216967044013 0.0107560329559874 0.0227726670440126
0.724589 0.88083064485336 0.00964635514664025 0.0235987448533598
0.729573 0.885177763457909 0.00842353654209138 0.0242570634579086
0.734567 0.889468356301323 0.00895724369867668 0.0232407563013234
0.739570 0.894081613482042 0.00892048651795818 0.0229114134820418
0.744583 0.899049868785764 0.00977563121423586 0.0216272687857642
0.749606 0.902666039120585 0.00950396087941552 0.0214267391205845
0.754639 0.90695115819 0.00891584180999971 0.0214774581900002
0.759682 0.910071040246104 0.00918695975389627 0.0207267402461037
0.764735 0.913898833294085 0.00900326670591467 0.0204234332940854
0.769800 0.918380214174217 0.00827198582578348 0.0205891141742165
0.774875 0.921102561730214 0.00914333826978597 0.0192447617302141
0.779962 0.925165049465975 0.00910485053402477 0.0187370494659752
0.785060 0.928868128637022 0.00956987136297793 0.0177067286370221
0.790169 0.932341938018433 0.00943096198156723 0.0171412380184328
0.795291 0.936064006689724 0.00858899331027629 0.0173245066897236
0.800424 0.939152732669598 0.00822366733040159 0.0172957326695984
0.805570 0.943196403674353 0.00710229632564718 0.0179099036743529
0.810728 0.946250412631147 0.00713858736885287 0.0173748126311472
0.815899 0.949075600503615 0.00697689949638503 0.0169981005036149
0.821083 0.951521706910702 0.00599019308929782 0.0173490069107022
0.826280 0.954056406987215 0.00586289301278531 0.0169124069872147
0.831491 0.956394151221043 0.00583574877895743 0.0163062512210426
0.836715 0.958838359978195 0.00564514002180494 0.015849959978195
0.841952 0.9613291686667 0.00542023133330005 0.0153356686666999
0.847204 0.963746318849191 0.00518258115080938 0.0149524188491905
0.852469 0.96610780562062 0.00493139437937984 0.0145988056206201
0.857749 0.968251786323635 0.00482011367636459 0.0141019863236354
0.863044 0.970447242471076 0.00462205752892431 0.0137273424710757
0.868353 0.973645642525388 0.00573865747461155 0.0118585425253884
0.873677 0.975793890361519 0.00530570963848087 0.0116932903615192
0.879017 0.977250973991702 0.00356892600829783 0.0127229739917021
0.884371 0.977971747915107 0.00444805208489296 0.0112255479151071
0.889741 0.979812246131542 0.00537755386845817 0.0096035461315418
0.895127 0.981537244311632 0.00509555568836761 0.00923574431163232
0.900529 0.98307063306341 0.00463716693659022 0.00896703306340974
0.905947 0.984932126639598 0.00393447336040176 0.00890612663959822
0.911381 0.986327958776367 0.00372374122363339 0.00837365877636653
0.916832 0.987693564315841 0.00348103568415914 0.0079451643158408
0.922300 0.988996407019466 0.00331899298053429 0.0073997070194658
0.927784 0.99022053027338 0.00306306972662052 0.00690413027337955
0.933286 0.991428112912696 0.00275368708730406 0.00645371291269592
0.938804 0.992518798916422 0.0025176010835779 0.00597669891642216
0.944340 0.993473006353602 0.00236869364639813 0.00536550635360189
0.949894 0.994444777919191 0.0020822220808091 0.0048924779191909
0.955466 0.995336936344858 0.00184316365514192 0.00437883634485803
0.961056 0.996155615760422 0.00162708423957814 0.00384651576042183
0.966664 0.996957152354137 0.00136284764586303 0.00335625235413695
0.972290 0.997582509042209 0.00109429095779112 0.00286750904220889
0.977935 0.99827752382651 0.000922476173489506 0.00225392382651046
0.983599 0.998868939608476 0.000688960391523885 0.00170773960847603
0.989282 0.99939517981118 0.000462620188819596 0.00113907981118044
0.994984 0.999883056613289 0.000205943386710539 0.000597156613289407
1.000705 1.00026593703803 5.0629619741116e-06 4.93703802573187e-06
