0.062500 6.1419711906285e-07 2.74974888093715e-06 6.0683574306285e-07
0.073864 5.66932951790751e-06 1.18873404820925e-05 5.18796551790751e-06
0.084418 3.50362081715176e-05 2.86004618284824e-05 2.83737681715176e-05
0.094356 0.000163115658126938 2.55526418730621e-05 0.000110704568126938
0.103801 0.000387402695622249 0.000110962104377751 0.000175406395622249
0.112839 0.000901141317571807 0.000247888682428193 0.000363054517571807
0.121533 0.00209552751732154 0.000478788482678457 0.000715141517321544
0.129933 0.00409900381453574 0.000899655185464259 0.00123553581453574
0.138074 0.00787799420239527 0.000914363797604727 0.00265529320239527
0.145988 0.0122155951915789 0.00270477480842112 0.00301628919157888
0.153699 0.0207024279198455 0.00333212208015455 0.00543199791984545
0.161227 0.0309316154717054 0.0044272245282946 0.0082259254717054
0.168589 0.0444679577519426 0.00564249224805742 0.0121677577519426
0.175800 0.062076777995725 0.007852782004275 0.016112897995725
0.182872 0.0833371643302407 0.0105859956697592 0.0207571543302408
0.189818 0.108721445048923 0.0138488549510774 0.0263508850489226
0.196645 0.136645459044597 0.0169412409554031 0.0332272590445969
0.203363 0.165562322457959 0.0227952775420408 0.0380762224579592
0.209980 0.200002432613471 0.0248901673865295 0.0465761326134705
0.216501 0.231866154929666 0.0283266450703343 0.0551696549296657
0.222934 0.269666339384357 0.029414460615643 0.065893439384357
0.229283 0.305593466701064 0.0313383332989357 0.0743592667010643
0.235554 0.342524325559977 0.036171874440023 0.081478025559977
0.241751 0.384295587365535 0.051111312634465 0.0774294873655351
0.247878 0.418383102384524 0.0531557976154765 0.0854806023845236
0.253940 0.449658567625005 0.0444661323749946 0.102944467625005
0.259938 0.494656978914967 0.0478240210850335 0.106862178914967
0.265878 0.515352417765537 0.0589255822344628 0.103218617765537
0.271762 0.543546126608027 0.0540427733919732 0.113218626608027
0.277593 0.574272853370957 0.0561685466290425 0.118651953370957
0.283373 0.62910525181301 0.0537420481869896 0.12738395181301
0.289105 0.651643463513294 0.0542520364867064 0.131486463513294
0.294791 0.68668859680971 0.0537916031902904 0.136765596809709
0.300433 0.694223809098011 0.0737804909019886 0.122364109098011
0.306034 0.713190534022142 0.0716344659778582 0.129738534022142
0.311595 0.736497967959973 0.0782716320400266 0.126226867959974
0.317118 0.759898676315355 0.0748591236846445 0.133095176315356
0.322604 0.775615148322736 0.0749190516772644 0.135988348322736
0.328056 0.784227485145196 0.0769165148548043 0.136675985145196
0.333475 0.799259163213561 0.0760690367864385 0.140599563213561
0.338862 0.811134620195909 0.0770487798040915 0.143114020195909
0.344218 0.819314869466657 0.0802393305333435 0.141406069466657
0.349546 0.837056673951807 0.0762946260481934 0.146876873951807
0.354846 0.86663396354647 0.0598657364535301 0.16621076354647
0.360119 0.882839875589629 0.0689307244103711 0.159181875589629
0.365367 0.890446429878557 0.068268870121443 0.161337229878557
0.370590 0.899775089873207 0.0714270101267929 0.159992989873207
0.375791 0.901104326206781 0.0660216737932189 0.167172226206781
0.380969 0.912192469343351 0.0733516306566491 0.162900569343351
0.386125 0.909244140107476 0.0611887598925243 0.176446440107476
0.391261 0.912971660508624 0.0609946394913757 0.177090760508624
0.396378 0.918924878694535 0.0631718213054654 0.175522178694535
0.401477 0.918766984490563 0.0692440155094373 0.169806884490563
0.406557 0.913617183960328 0.0722096160396724 0.166346483960328
0.411620 0.92801404136193 0.06163205863807 0.17714554136193
0.416668 0.927464439424996 0.0626452605750041 0.175823939424996
0.421700 0.933633169064063 0.0701688309359371 0.168810369064063
0.426717 0.934849558000506 0.0698574419994942 0.168132558000506
0.431720 0.929297204966747 0.0637213950332527 0.173582704966747
0.436709 0.938496280224089 0.0742317197759107 0.163111980224089
0.441686 0.938842945611094 0.0733970543889059 0.163300245611094
0.446651 0.937738338300401 0.0684596616995994 0.167573238300401
0.451605 0.937766452154329 0.0667025478456709 0.166932652154329
0.456547 0.948874761950692 0.0697022380493081 0.163184061950692
0.461480 0.95033115737557 0.0704548426244299 0.16075755737557
0.466402 0.950592380482464 0.068812619517536 0.160461080482464
0.471316 0.95157630808652 0.0665676919134803 0.16044040808652
0.476221 0.952678483774284 0.0635625162257161 0.160968883774284
0.481118 0.953737339821741 0.0628656601782591 0.159638439821741
0.486007 0.955440104957831 0.0632568950421686 0.156543204957831
0.490889 0.954712676933144 0.0623273230668558 0.154415576933144
0.495765 0.954344363319948 0.0637746366800517 0.150914563319948
0.500634 0.955436223888089 0.0627237761119106 0.150356123888089
0.505498 0.961583832898474 0.0570471671015258 0.153889132898474
0.510357 0.963122684087597 0.056122315912403 0.152418884087597
0.515211 0.962013634334966 0.056441365665034 0.150082934334966
0.520061 0.960446791886271 0.0517612081137286 0.151854691886271
0.524907 0.959886560015913 0.0518314399840868 0.148522860015913
0.529749 0.960473723771016 0.0509132762289837 0.146726923771016
0.534589 0.9606991138655 0.0503028861345004 0.1444871138655
0.539425 0.961563475916648 0.0490065240833519 0.142806075916648
0.544260 0.962572750950153 0.0483412490498467 0.141220650950153
0.549092 0.964257162967786 0.0486998370322139 0.137247362967786
0.553923 0.961649312016063 0.0510976879839373 0.131467912016063
0.558753 0.968194990081378 0.0444970099186223 0.135354390081378
0.563582 0.970990739005235 0.0509102609947653 0.127264039005235
0.568411 0.972366117673318 0.0475538823266817 0.127074417673318
0.573240 0.970555336630937 0.0439066633690627 0.127757236630937
0.578069 0.971088904112977 0.0426690958870226 0.125631804112977
0.582898 0.97140043622511 0.0414895637748905 0.123494236225109
0.587729 0.971844967219081 0.0404430327809193 0.121599667219081
0.592561 0.972036903110135 0.0400440968898654 0.119048503110134
0.597394 0.974799524219083 0.0428824757809171 0.112814624219083
0.602229 0.975493315443869 0.0414166845561309 0.110598415443869
0.607067 0.97718196040943 0.0394450395905698 0.10915546040943
0.611907 0.977239108159426 0.0393618918405736 0.106294808159426
0.616750 0.977901833355636 0.0386891666443645 0.104059033355635
0.621596 0.974847130344628 0.041797869655372 0.098288030344628
0.626446 0.976249045632882 0.0420109543671183 0.0949749456328816
0.631299 0.977973224609567 0.0401137753904331 0.0934354246095668
0.636157 0.978388388427351 0.0397236115726494 0.0908751884273505
0.641018 0.979514136519477 0.0389248634805226 0.0890177365194774
0.645885 0.979825697620863 0.0404583023791366 0.0845027976208633
0.650756 0.980257133519102 0.0390318664808982 0.0827626335191018
0.655632 0.981879069085126 0.0388029309148742 0.0800905690851259
0.660514 0.981212554656614 0.0305544453433865 0.0852280546566135
0.665401 0.98217426471354 0.0283847352864597 0.0840226647135403
0.670295 0.983740419121798 0.0284795808782017 0.0807605191217982
0.675194 0.983842982376724 0.0272880176232756 0.0786288823767244
0.680101 0.985267184528496 0.0270638154715044 0.0759538845284957
0.685013 0.985714568094751 0.0263344319052494 0.0736830680947506
0.689933 0.985867500283814 0.0256854997161857 0.0713776002838142
0.694860 0.986730812575535 0.0249581874244653 0.0693367125755348
0.699795 0.987645830084099 0.0237781699159011 0.0673744300840989
0.704737 0.98843473407764 0.0230032659223602 0.0657447340776398
0.709687 0.989641316821543 0.0229656831784574 0.0632801168215427
0.714646 0.99051407804283 0.02165492195717 0.06215697804283
0.719613 0.991017157833172 0.0216358421668281 0.0598330578331718
0.724589 0.994651587104102 0.0251834128958985 0.0536836871041015
0.729573 0.995880575127837 0.0238754248721631 0.052048575127837
0.734567 0.99699765959496 0.0226843404050401 0.0508630595949598
0.739570 0.997456502513927 0.0221484974860735 0.0488919025139266
0.744583 0.997319308224277 0.0196266917757234 0.0490863082242765
0.749606 0.998486003667269 0.0188379963327306 0.0475039036672692
0.754639 0.998551572050808 0.0180464279491916 0.0460459720508084
0.759682 0.999123677495949 0.0172723225040513 0.0444052774959488
0.764735 1.00029103606058 0.0162599639394183 0.0433562360605817
0.769800 1.00060518134659 0.0155688186534062 0.0419882813465937
0.774875 1.00142054886999 0.0145344511300147 0.0407257488699851
0.779962 1.00187516533656 0.0140098346634376 0.0391303653365622
0.785060 1.00238301540073 0.0135479845992679 0.037685615400732
0.790169 1.00320713037009 0.0129228696299086 0.0364822303700914
0.795291 1.00384782243858 0.0126881775614189 0.0349512224385812
0.800424 1.00448350191832 0.0127394980816824 0.0331757019183175
0.805570 1.00454484178289 0.0105741582171055 0.0335056417828946
0.810728 1.00498397306003 0.00991502693997015 0.0324272730600298
0.815899 1.00584210204914 0.0102538979508562 0.0303328020491439
0.821083 1.00238394826178 0.0128320517382201 0.0259386482617798
0.826280 1.00224965001663 0.0125393499833721 0.0246464500166278
0.831491 1.003350469199 0.0127495308010013 0.0227315691989987
0.836715 1.00434447492417 0.0115225250758291 0.022351674924171
0.841952 1.00458117362973 0.010984826370269 0.0212659736297309
0.847204 1.00459930126667 0.0104606987333269 0.0201628012666731
0.852469 1.00900893253407 0.00577006746592912 0.0234996325340709
0.857749 1.00693387945618 0.00827012054381959 0.0195670794561804
0.863044 1.00987831139112 0.00508668860888029 0.0213931113911195
0.868353 1.00967357697819 0.00515342302180621 0.0199576769781937
0.873677 1.00900583989683 0.00393916010316531 0.0199725398968347
0.879017 1.0088504134293 0.00374358657069962 0.0187775134293003
0.884371 1.00674745967891 0.0055395403210925 0.0154919596789074
0.889741 1.00895720567266 0.00302579432733663 0.0169662056726634
0.895127 1.0089535188397 0.00295848116029984 0.0158841188397001
0.900529 1.00857964727802 0.00270835272198244 0.0149776472780175
0.905947 1.00841706071086 0.00239393928913678 0.0141376607108631
0.911381 1.00813742462867 0.00217057537132681 0.0133328246286731
0.916832 1.00728503247136 0.00231996752863628 0.0120168324713638
0.922300 1.0069764242087 0.00229057579129699 0.0109751242087029
0.927784 1.00664084048358 0.00212615951641593 0.010107040483584
0.933286 1.00666589858964 0.00208510141035512 0.00915099858964485
0.938804 1.00630641710663 0.00187958289337287 0.00832591710662711
0.944340 1.00576492927091 0.0014130707290918 0.0077685292709081
0.949894 1.00541276370386 0.00132823629614465 0.00689306370385545
0.955466 1.00492361641132 0.00115438358868403 0.00611561641131597
0.961056 1.00443240392044 0.00108559607955816 0.00527100392044177
0.966664 1.00394708336924 0.00119891663075666 0.00425978336924338
0.972290 1.00363428378261 0.00117271621739135 0.0033542837826086
0.977935 1.00300364444349 0.000915355556505126 0.00267464444349486
0.983599 1.00233899356882 0.000673006431179735 0.00199899356882027
0.989282 1.00163552732033 0.000441472679665766 0.00133152732033426
0.994984 1.0008913722788 0.000221627721200601 0.000655372278799415
1.000705 1.00012306653189 1.09334681095419e-05 1.60665318904574e-05
