0.062500 1.22079414749554e-07 5.67259585250446e-07 1.20512071749554e-07
0.073864 1.13301833938874e-06 2.29826966061126e-06 1.01292083938874e-06
0.084418 7.16264636233402e-06 4.68340363766598e-06 5.31758336233402e-06
0.094356 2.32588489106931e-05 9.73719108930686e-06 1.27715389106931e-05
0.103801 6.20240452371916e-05 1.83145447628084e-05 2.67364452371916e-05
0.112839 0.000152721109724516 1.81170902754843e-05 6.94338197245157e-05
0.121533 0.000312865651324863 3.91769486751373e-05 0.000119510351324863
0.129933 0.000591414811319002 7.00779886809978e-05 0.000210019811319002
0.138074 0.00100607434300034 0.000175094656999664 0.000308403243000336
0.145988 0.00168720687500188 0.000285774124998122 0.000494571875001878
0.153699 0.00273255370591881 0.000298454294081193 0.000900538705918807
0.161227 0.00396490177098612 0.000725213229013881 0.00100930677098612
0.168589 0.00615612871720131 0.00070572628279869 0.00173432971720131
0.175800 0.00875571957925993 0.000916933420740075 0.00237899657925993
0.182872 0.0120834162082384 0.00134618379176159 0.00304139820823841
0.189818 0.0163886366654998 0.00153705333450025 0.00409725666549975
0.196645 0.0222569253560794 0.00157505464392065 0.00569917535607935
0.203363 0.0281564443183663 0.00260833568163371 0.00644645431836629
0.209980 0.0366667184652964 0.00310141153470362 0.00837678846529638
0.216501 0.0463015819383318 0.00462969806166822 0.00977194193833178
0.222934 0.056380453830365 0.00607845616963498 0.011770433830365
0.229283 0.0700470848982987 0.0085671251017013 0.0132766148982987
0.235554 0.0857318892879907 0.00884429071200926 0.0172116992879907
0.241751 0.103459786304945 0.0091177136950546 0.0219928463049454
0.247878 0.121219045295672 0.0132930547043283 0.0233596052956717
0.253940 0.147842300788545 0.0107729992114547 0.0316645007885453
0.259938 0.170515959536967 0.0130330404630333 0.0352547595369667
0.265878 0.196588404130837 0.0148503958691629 0.0389136041308371
0.271762 0.219871248201266 0.0222285517987342 0.0375696482012658
0.277593 0.249275459210268 0.0254291407897324 0.0402207592102676
0.283373 0.281664931266684 0.0293247687333156 0.0419653312666844
0.289105 0.31351036116787 0.0298376388321298 0.0468961611678702
0.294791 0.34028613677024 0.0245366632297602 0.0581091367702398
0.300433 0.37182332138048 0.0268537786195204 0.0603613213804796
0.306034 0.403612068544892 0.028557031455108 0.063256368544892
0.311595 0.435334700160778 0.0319402998392224 0.0656319001607776
0.317118 0.463280866022227 0.0394368339777729 0.0627088660222271
0.322604 0.490105828443942 0.0317419715560581 0.0749066284439419
0.328056 0.524981816023335 0.0431947839766651 0.0668624160233349
0.333475 0.552909491701166 0.0440109082988336 0.0693086917011664
0.338862 0.586484941473047 0.0345510585269525 0.0815731414730474
0.344218 0.616525856170051 0.0367420438299492 0.0819527561700508
0.349546 0.641802318279618 0.0402361817203822 0.0799644182796178
0.354846 0.66490252475508 0.0318724752449201 0.0903593247550798
0.360119 0.68669140615696 0.0320631938430396 0.0916209061569603
0.365367 0.708216714402862 0.0343255855971377 0.0906612144028623
0.370590 0.730767524755616 0.0354917752443841 0.0910229247556159
0.375791 0.753008505177179 0.0328492948228213 0.0943203051771787
0.380969 0.769417979577943 0.0346488204220571 0.091615079577943
0.386125 0.785900760569366 0.0372958394306341 0.092300060569366
0.391261 0.80592085384355 0.0452692461564496 0.0859433538435506
0.396378 0.821974397828011 0.0471490021719893 0.0849846978280109
0.401477 0.837898009611601 0.0484176903883995 0.0840380096116006
0.406557 0.846321415106513 0.0471201848934869 0.0853845151065132
0.411620 0.868644995998241 0.0365294040017591 0.096043895998241
0.416668 0.88071191009995 0.03700398990005 0.0950346100999501
0.421700 0.890501272243942 0.0398700277560581 0.0915973722439419
0.426717 0.902665791625265 0.038436708374735 0.092278291625265
0.431720 0.912342506376906 0.0390414936230939 0.091196506376906
0.436709 0.917615605165081 0.0381584948349191 0.091040305165081
0.441686 0.924407851631114 0.0368740483688855 0.0911613516311145
0.446651 0.93231651580294 0.0369166841970601 0.0899172158029399
0.451605 0.942520320189874 0.0369558798101262 0.0892342201898738
0.456547 0.943831218071189 0.0414498819288107 0.0841338180711892
0.461480 0.951644067790829 0.0443636322091707 0.0806790677908293
0.466402 0.958470666868857 0.0442943331311426 0.0797738668688572
0.471316 0.965685996924958 0.0408560030750423 0.0818146969249577
0.476221 0.976584421814854 0.0341395781851463 0.0873882218148536
0.481118 0.982932033984792 0.0373859660152079 0.0824454339847921
0.486007 0.987402351349777 0.0377926486502234 0.0803004513497767
0.490889 0.990332551354658 0.0381934486453425 0.0788151513546576
0.495765 0.991881920290818 0.039954079709182 0.075652420290818
0.500634 0.996788292278426 0.0378877077215742 0.0761554922784257
0.505498 0.998137853390838 0.038841146609162 0.073803053390838
0.510357 1.00003151580711 0.0390844841928899 0.07282541580711
0.515211 1.00096921878914 0.0396847812108625 0.0708723187891375
0.520061 1.00101728269023 0.0375317173097689 0.071525882690231
0.524907 1.00233327004854 0.0380377299514565 0.0697472700485434
0.529749 1.00433694390278 0.0377070560972164 0.0688863439027836
0.534589 1.0046447927633 0.0369982072366986 0.0682254927633015
0.539425 1.00659607362811 0.0332849263718857 0.0704609736281143
0.544260 1.00787777873543 0.0330502212645665 0.0690045787354336
0.549092 1.00840574805993 0.0321892519400675 0.0684139480599324
0.553923 1.00665070521803 0.0344642947819651 0.0640613052180349
0.558753 1.00762057795949 0.0341254220405136 0.0632616779594865
0.563582 1.00834326557008 0.035595734429918 0.0607653655700819
0.568411 1.00804575928775 0.0338712407122532 0.0610200592877468
0.573240 1.00923584421287 0.0324251557871329 0.0610973442128671
0.578069 1.00888631653019 0.0332786834698147 0.0591641165301853
0.582898 1.0092795129951 0.0337674870049023 0.0571949129950977
0.587729 1.00981222278013 0.0324397772198739 0.056806622780126
0.592561 1.01018600090511 0.0320209990948943 0.0558825009051058
0.597394 1.01328658448302 0.0288674155169752 0.0577185844830248
0.602229 1.01372906209258 0.0282409379074249 0.0571906620925752
0.607067 1.01436534875956 0.0287576512404411 0.0549556487595589
0.611907 1.01426478615565 0.0283602138443535 0.0535577861556464
0.616750 1.0153859236545 0.0270420763455013 0.0536962236544987
0.621596 1.01854859934357 0.0239534006564284 0.0556396993435716
0.626446 1.01794131543422 0.0228346845657821 0.0553774154342178
0.631299 1.01875203240997 0.0239459675900344 0.0525622324099655
0.636157 1.01876646324132 0.0230495367586752 0.0517011632413249
0.641018 1.01890233502334 0.0228446649766558 0.0505411350233441
0.645885 1.01993378300567 0.0214192169943255 0.0506179830056744
0.650756 1.01986385242744 0.0201281475725614 0.0504349524274386
0.655632 1.02053997365583 0.0215540263441687 0.0475826736558314
0.660514 1.02814769458272 0.0118453054172754 0.0558173945827246
0.665401 1.02813571160503 0.0120512883949706 0.0540297116050293
0.670295 1.02786471250992 0.011865287490082 0.0527865125099181
0.675194 1.02768404020206 0.00943695979793713 0.0534913402020628
0.680101 1.02764234155066 0.00897865844934365 0.0523538415506564
0.685013 1.02749734892488 0.00922065107512449 0.0505590489248755
0.689933 1.02696962594753 0.0088353740524727 0.0494199259475274
0.694860 1.02642745058517 0.00873354941483195 0.0483065505851681
0.699795 1.02580232394257 0.00859467605742781 0.0472505239425722
0.704737 1.02069192965956 0.0147700703404396 0.0398378296595604
0.709687 1.01941619334657 0.0113258066534296 0.0417565933465704
0.714646 1.01969346727212 0.0106805327278785 0.0411050672721214
0.719613 1.0206995018527 0.0123814981472963 0.0382809018527036
0.724589 1.02013398557266 0.0125550144273443 0.0368156855726557
0.729573 1.01836780308715 0.0105851969128501 0.0374369030871499
0.734567 1.01841568671628 0.0101023132837239 0.0366557867162761
0.739570 1.01307382326267 0.0146851767373295 0.0307098232626706
0.744583 1.01977202930146 0.00739797069853565 0.0367846293014642
0.749606 1.01857227855721 0.00906872144278936 0.0339045785572106
0.754639 1.01826745429647 0.00884654570353383 0.0330105542964663
0.759682 1.01955536441956 0.00673163558044232 0.0338511644195576
0.764735 1.01817377378155 0.00771822621844853 0.0317716737815514
0.769800 1.01877831881873 0.00928468118127324 0.0290117188187267
0.774875 1.01875950597678 0.00926449402322294 0.0279049059767771
0.779962 1.01936248128573 0.00839451871427377 0.0277109812857262
0.785060 1.01920406866336 0.00803293133663563 0.0270936686633643
0.790169 1.01876593112743 0.00723006887256883 0.026744931127431
0.795291 1.01891506731023 0.00742793268976971 0.0255673673102302
0.800424 1.01841900299669 0.00704199700330999 0.02482690299669
0.805570 1.01801878465464 0.00651121534535704 0.0243886846546428
0.810728 1.01768938081692 0.00614561918308199 0.023725380816918
0.815899 1.01739650697483 0.00563049302516894 0.0231013069748309
0.821083 1.01769673606302 0.00527826393697506 0.0225278360630249
0.826280 1.01621968421108 0.00656131578892194 0.0204237842110779
0.831491 1.01594442784546 0.00651657215454149 0.0196184278454585
0.836715 1.01559857624512 0.00615842375488262 0.0190907762451173
0.841952 1.01505717549038 0.0060028245096202 0.0183526754903799
0.847204 1.01524555621809 0.00668844378191014 0.0168519562180898
0.852469 1.01476074697496 0.00583325302504489 0.0168017469749551
0.857749 1.01437251559206 0.00546148440793792 0.0163353155920619
0.863044 1.01393449218704 0.00545550781295701 0.015525792187043
0.868353 1.01371388890057 0.00529511109943281 0.0148210889005672
0.873677 1.01335707936699 0.00520692063301409 0.0140390793669859
0.879017 1.01300047955389 0.00492952044611461 0.0134810795538853
0.884371 1.01262091816558 0.00459208183442472 0.0129375181655752
0.889741 1.0121335792998 0.00445542070019633 0.0121716792998036
0.895127 1.01188770667016 0.00454529332984421 0.0112817066701556
0.900529 1.01142699650623 0.00423800349376924 0.0107319965062309
0.905947 1.01072271518163 0.00419428481837492 0.00984571518162514
0.911381 1.0102221412378 0.00397285876219988 0.0091961412378001
0.916832 1.00964242770984 0.00375757229015639 0.0085774277098436
0.922300 1.00915197228649 0.0034660277135119 0.00802197228648804
0.927784 1.00910832006338 0.00286067993661576 0.00775932006338409
0.933286 1.00855298222348 0.00268101777651752 0.00714698222348242
0.938804 1.00794314568944 0.00235685431055921 0.00664314568944069
0.944340 1.00736025116444 0.00211174883556353 0.00604925116443633
0.949894 1.00669300990702 0.00195899009297884 0.00536400990702135
0.955466 1.00608169584195 0.00169030415805116 0.00481569584194874
0.961056 1.00539910205142 0.00156089794858238 0.00409910205141761
0.966664 1.00472210814749 0.00132189185250908 0.00351910814749079
0.972290 1.00400776950369 0.00111423049630988 0.00292576950369017
0.977935 1.00329202072251 0.000884979277490316 0.00234202072250977
0.983599 1.00251827949305 0.000664720506949878 0.0017592794930501
0.989282 1.00173699304436 0.000439006955637922 0.00117199304436211
0.994984 1.0009438170011 0.000217182998902388 0.000588817001097475
1.000705 1.00012845732384 6.54267616262416e-06 1.24573238373671e-05
