0.062500 5.64052977797523e-08 4.59944802220248e-07 5.50391337797523e-08
0.073864 5.37002203170079e-07 1.60146079682992e-06 5.16457933170079e-07
0.084418 2.15213021993487e-06 4.80343478006513e-06 1.90068031993487e-06
0.094356 7.37231258676818e-06 1.05454174132318e-05 6.57298698676818e-06
0.103801 1.83434856708216e-05 2.52273443291784e-05 1.61356846708216e-05
0.112839 4.08356969809047e-05 5.09667030190953e-05 3.70294769809047e-05
0.121533 7.81057829830404e-05 0.00010038411701696 6.81792179830404e-05
0.129933 0.000175007879548123 0.000145150620451877 0.000146546369548123
0.138074 0.000294342593606352 0.000218466406393648 0.000254302093606352
0.145988 0.000366965136596364 0.000456649563403636 0.000278164936596364
0.153699 0.000552194747216947 0.000662873252783053 0.000415794547216947
0.161227 0.000799099051910012 0.000922544948089989 0.000588576751910012
0.168589 0.00111985802147719 0.00115376997852281 0.000906441821477191
0.175800 0.00156055725142172 0.00158698074857828 0.00113266815142172
0.182872 0.00204992463790799 0.00197463036209201 0.00149522563790799
0.189818 0.00330732713807011 0.00177784186192989 0.00255649323807011
0.196645 0.00410832425886062 0.00234272374113938 0.00297253525886062
0.203363 0.00516728844658021 0.00273370355341979 0.00372948944658021
0.209980 0.00765237716423244 0.00201979583576756 0.00578008916423244
0.216501 0.00927291497880033 0.00233613502119967 0.00691114397880033
0.222934 0.0111015905412358 0.00291593945876424 0.00784899354123576
0.229283 0.0130929499289873 0.00302286007101266 0.00935033692898734
0.235554 0.0153275424540668 0.00352568754593321 0.0106662774540668
0.241751 0.0175790207695056 0.00400920923049439 0.0119041837695056
0.247878 0.0206387103630758 0.00389136963692422 0.0138218173630758
0.253940 0.0205914575156822 0.0072518024843178 0.0124124805156822
0.259938 0.0227928107397341 0.00773563926026589 0.0140189007397341
0.265878 0.0260923372467893 0.00861101275321074 0.0153425272467893
0.271762 0.0295771449927036 0.0087303250072964 0.0174245949927036
0.277593 0.0338965117575544 0.00973764824244557 0.0188083317575544
0.283373 0.0388634228581216 0.00932471714187838 0.0216005728581216
0.289105 0.0428784499554022 0.0101427900445978 0.0233075899554022
0.294791 0.0469789064828317 0.0112266135171683 0.0247255964828317
0.300433 0.0517174552379758 0.0104656547620242 0.0279493952379758
0.306034 0.0560544322131349 0.0113527877868651 0.0295836822131349
0.311595 0.0613188430972847 0.0122521069027153 0.0313452330972847
0.317118 0.069220389895888 0.011765540104112 0.034265709895888
0.322604 0.0754708442320137 0.0126043257679863 0.0359828142320137
0.328056 0.0762425128105111 0.0173216271894889 0.0341113728105111
0.333475 0.0821783548181014 0.0178024851818986 0.0362297148181014
0.338862 0.0883828239832348 0.0181913760167652 0.0382699739832348
0.344218 0.0955271508588291 0.0182330491411709 0.0408237608588291
0.349546 0.102079358530891 0.0187437414691085 0.0425835185308915
0.354846 0.113257614138538 0.0282792858614621 0.0354932941385379
0.360119 0.120416162863785 0.0285739371362152 0.0369185228637848
0.365367 0.128269327122695 0.0292468728773054 0.0386498971226946
0.370590 0.135625489958019 0.0302074100419815 0.0396814599580185
0.375791 0.14483556117899 0.02666733882101 0.04512483117899
0.380969 0.15227843634643 0.0267368636535698 0.0472212363464302
0.386125 0.159815292732615 0.0269150072673846 0.0485080927326154
0.391261 0.167113744006827 0.028059755993173 0.048832944006827
0.396378 0.16581314546 0.0396789545399996 0.0393064454600004
0.401477 0.180109347622732 0.0310969523772681 0.0495363476227319
0.406557 0.189345673367986 0.0360361266320138 0.0460812733679862
0.411620 0.198073030971333 0.036679469028667 0.046729130971333
0.416668 0.205382794551698 0.0336577054483021 0.0508594945516979
0.421700 0.215572515585388 0.0374795844146115 0.0479079155853885
0.426717 0.223870867342975 0.0379101326570248 0.0488235673429752
0.431720 0.232430718886307 0.0376705811136934 0.0498926188863066
0.436709 0.242058305924738 0.0380178940752625 0.0502695059247375
0.441686 0.251621849521042 0.0369899504789578 0.0518188495210423
0.446651 0.253743141422882 0.044034658577118 0.045698441422882
0.451605 0.263477181138164 0.0434416188618362 0.0473290811381638
0.456547 0.273023064535831 0.0420567354641692 0.0490888645358308
0.461480 0.282363899867117 0.0420968001328828 0.0493462998671172
0.466402 0.303791654328207 0.0301945456717935 0.0617493543282065
0.471316 0.313265338043622 0.0302178619563784 0.0615717380436215
0.476221 0.323357621358392 0.0308193786416076 0.0616753213583924
0.481118 0.333577675581126 0.0304022244188741 0.0626225755811259
0.486007 0.343113826545789 0.0302334734542113 0.0635732265457886
0.490889 0.35191794023535 0.0301021597646502 0.0638577402353498
0.495765 0.361915251914952 0.028944548085048 0.064996551914952
0.500634 0.368413171930485 0.032241728069515 0.061220371930485
0.505498 0.378167640427456 0.0317751595725437 0.0613704404274563
0.510357 0.387444262930862 0.031463237069138 0.0618063629308621
0.515211 0.39534353143838 0.0316153685616204 0.0610620314383796
0.520061 0.404612817663913 0.0314392823360865 0.0607715176639135
0.524907 0.414038497781487 0.0304364022185133 0.0615954977814867
0.529749 0.423477653030215 0.0287040469697847 0.0628875530302153
0.534589 0.429261893767075 0.0332047062329254 0.0580453937670746
0.539425 0.438746101344497 0.0311064986555027 0.0596680013444973
0.544260 0.449905298640171 0.0333893013598286 0.0561013986401714
0.549092 0.45907631287459 0.0333558871254098 0.0551340128745902
0.553923 0.468721432157164 0.034452767842836 0.053274132157164
0.558753 0.476889957539027 0.0338149424609731 0.053099757539027
0.563582 0.496589190479625 0.0233150095203749 0.0628128904796251
0.568411 0.50484878405712 0.0205128159428802 0.0647044840571197
0.573240 0.513919311025037 0.0211810889749632 0.0629489110250369
0.578069 0.522285220922425 0.0213099790775751 0.0619511209224248
0.582898 0.53135930802089 0.0214708919791099 0.0608583080208902
0.587729 0.539079178726169 0.0217846212738307 0.0598167787261693
0.592561 0.549099900262671 0.0248782997373287 0.0556460002626713
0.597394 0.556211137990712 0.023488262009288 0.055735037990712
0.602229 0.564586901277137 0.0228576987228633 0.0548657012771367
0.607067 0.574214915661787 0.0249530843382127 0.0515714156617872
0.611907 0.582771991782599 0.0233076082174011 0.0519055917825989
0.616750 0.591162651332933 0.0225617486670666 0.0513971513329333
0.621596 0.598456527771354 0.022863972228646 0.0493394277713539
0.626446 0.606502653388247 0.022365346611753 0.0486504533882469
0.631299 0.615239575579932 0.0215387244200681 0.0483179755799319
0.636157 0.624538659766605 0.0205260402333948 0.0481049597666052
0.641018 0.633595111697853 0.0213528883021465 0.0458630116978535
0.645885 0.641743481863213 0.020320018136787 0.0454941818632131
0.650756 0.649243757830132 0.0194253421698682 0.0449692578301318
0.655632 0.657212999756416 0.0193132002435843 0.0439711997564157
0.660514 0.66526828472824 0.0188795152717602 0.0432281847282397
0.665401 0.673483395378402 0.018548504621598 0.042327995378402
0.670295 0.680978332467318 0.0166166675326817 0.0431370324673184
0.675194 0.694816284835429 0.0103383151645708 0.0480633848354292
0.680101 0.702444699763369 0.0102065002366313 0.0471491997633686
0.685013 0.708021815880525 0.0125037841194747 0.0436309158805253
0.689933 0.716363798083005 0.0134847019169948 0.0414520980830051
0.694860 0.723911732646108 0.0115202673538922 0.0421344326461077
0.699795 0.732555650843999 0.0128064491560013 0.0395504508439987
0.704737 0.739731781168817 0.0126471188311832 0.0388237811688168
0.709687 0.747086830630489 0.0106739693695107 0.0396634306304894
0.714646 0.754086530567678 0.0104013694323217 0.0388168305676783
0.719613 0.756095480584785 0.0167933194152146 0.0311613805847855
0.724589 0.762096295680061 0.0164433043199395 0.0303237956800606
0.729573 0.769049380880986 0.0156730191190143 0.0297687808809857
0.734567 0.775825181188209 0.0158107188117911 0.028523581188209
0.739570 0.782572812383028 0.0155215876169716 0.0278781123830284
0.744583 0.788714474965346 0.0156021250346542 0.0266205749653459
0.749606 0.795121212621543 0.0147116873784572 0.026520512621543
0.754639 0.802878483024108 0.015625816975892 0.0245083830241081
0.759682 0.809726868053813 0.0148369319461875 0.0241528680538126
0.764735 0.816031841862344 0.0141898581376561 0.0236007418623441
0.769800 0.82223101458577 0.0136044854142302 0.0232950145857699
0.774875 0.828198644023589 0.0135427559764114 0.0222590440235886
0.779962 0.835077199502414 0.012919800497586 0.0219871995024139
0.785060 0.841255973822738 0.0126141261772619 0.0213172738227382
0.790169 0.84746116599038 0.0119930340096197 0.0210131659903803
0.795291 0.853871996158284 0.0119074038417156 0.0201422961582844
0.800424 0.85803923101927 0.0112914689807304 0.0198034310192695
0.805570 0.864085939645584 0.011779560354416 0.0183784396455841
0.810728 0.870097093211737 0.0110404067882628 0.0181418932117372
0.815899 0.875628086476466 0.0108687135235339 0.0175901864764662
0.821083 0.881276877367352 0.0103001226326478 0.0172889773673522
0.826280 0.886212595067455 0.0107235049325453 0.0159470950674547
0.831491 0.891379392675265 0.0101430073247355 0.0156586926752645
0.836715 0.896740406536763 0.00923589346323683 0.0157712065367632
0.841952 0.901769657517953 0.00899584248204677 0.0152498575179532
0.847204 0.906612405769374 0.00874559423062604 0.0147022057693739
0.852469 0.911127234351932 0.00896616564806774 0.0137374343519323
0.857749 0.915829970138406 0.00846932986159454 0.0132915701384054
0.863044 0.920476205096616 0.00832729490338391 0.0127311050966161
0.868353 0.92493194748604 0.00813025251396016 0.0121010474860399
0.873677 0.929148959253417 0.00744604074658306 0.0120049592534169
0.879017 0.934985246067101 0.00601635393289868 0.0125913460671013
0.884371 0.939198150135271 0.00590794986472898 0.0119103501352711
0.889741 0.943085210068402 0.0054414899315981 0.0115273100684019
0.895127 0.947017641674006 0.00554455832599388 0.0105530416740062
0.900529 0.950935376223282 0.00492912377671817 0.0103517762232818
0.905947 0.954636900266463 0.00432819973353693 0.0100860002664631
0.911381 0.958208606364622 0.00462989363537791 0.00892580636462215
0.916832 0.961454696943073 0.00400920305692709 0.00868929694307297
0.922300 0.964835059155632 0.00367684084436837 0.00818675915563161
0.927784 0.968128126666685 0.00340327333331503 0.00765622666668497
0.933286 0.971219793099968 0.00318610690003163 0.00705149309996844
0.938804 0.974124333494374 0.00268426650562614 0.00674643349437387
0.944340 0.97719909962857 0.00264890037142973 0.00595189962857035
0.949894 0.979796971853357 0.00214592814664294 0.0055867718533571
0.955466 0.982961100869949 0.00151309913005127 0.00535870086994872
0.961056 0.985508012440957 0.00135388755904342 0.00466421244095661
0.966664 0.987961657150145 0.00116264284985501 0.00402225715014504
0.972290 0.990347534262935 0.00104256573706463 0.0033193342629354
0.977935 0.992595255216418 0.00084274478358215 0.00264575521641786
0.983599 0.994700982720225 0.000642317279775373 0.0019744827202246
0.989282 0.996665369058449 0.000375030941551224 0.00137626905844879
0.994984 0.998578951509558 0.000185648490442225 0.000684651509557765
1.000705 1.00040437766342 1.16223365818069e-05 1.93776634180853e-05
