0.062500 0.000061 0.000890 0.000061
0.073864 0.001172 0.012718 0.001170
0.084418 0.004404 0.039285 0.004399
0.094356 0.012681 0.095784 0.012669
0.103801 0.027605 0.192787 0.027478
0.112839 0.066152 0.428627 0.066041
0.121533 0.130998 0.836687 0.130712
0.129933 0.235230 1.443250 0.234442
0.138074 0.345543 2.164345 0.343745
0.145988 0.556663 3.156249 0.552813
0.153699 0.937834 4.605419 0.930600
0.161227 1.244727 6.576797 1.232267
0.168589 1.689362 8.464208 1.670838
0.175800 2.228237 11.344583 2.202892
0.182872 3.009745 14.236975 2.974200
0.189818 4.317485 17.361535 4.267531
0.196645 4.891665 20.769395 4.780994
0.203363 6.966007 24.312363 6.796066
0.209980 8.121054 28.895066 8.047582
0.216501 9.235657 31.442833 9.085977
0.222934 11.440870 34.821700 11.333579
0.229283 14.211355 37.878625 14.088460
0.235554 19.544241 36.573939 19.256299
0.241751 22.884521 39.016489 22.517892
0.247878 26.250404 39.760396 25.778732
0.253940 30.596955 39.008835 30.040533
0.259938 32.902251 43.153679 32.030932
0.265878 34.800805 42.229275 33.608382
0.271762 38.640307 42.016313 37.336517
0.277593 40.692807 40.608123 39.052745
0.283373 43.746956 41.940884 38.300679
0.289105 45.773722 40.786478 40.515807
0.294791 60.892536 32.397084 46.905086
0.300433 63.050998 31.238572 47.198578
0.306034 51.395374 39.469276 35.482304
0.311595 54.626896 35.632444 39.152286
0.317118 54.473467 33.667323 38.382307
0.322604 53.493616 33.726474 36.288176
0.328056 53.574777 32.618563 35.003817
0.333475 52.064904 32.955646 32.944804
0.338862 53.262260 28.696460 35.349400
0.344218 49.545991 28.011379 33.038851
0.349546 57.830191 21.066029 38.837921
0.354846 54.937555 17.695105 39.056925
0.360119 54.067797 19.674963 35.732587
0.365367 50.538551 19.150449 32.523861
0.370590 49.765371 18.227099 32.368141
0.375791 47.439448 19.311292 28.450058
0.380969 45.984281 15.862939 30.534921
0.386125 43.882855 13.807375 29.994655
0.391261 42.030193 13.248627 28.955113
0.396378 38.768297 15.900353 23.810817
0.401477 37.508251 15.852809 22.404351
0.406557 36.768789 12.939181 23.027129
0.411620 37.205711 11.678069 22.904391
0.416668 35.018487 11.040873 21.700037
0.421700 34.226601 10.430249 21.054381
0.426717 27.727309 14.681721 15.367589
0.431720 32.498970 8.274420 20.760930
0.436709 29.849502 8.098288 19.420062
0.441686 24.853151 11.506689 14.845791
0.446651 23.984138 10.442112 14.461020
0.451605 23.162442 9.997438 14.066661
0.456547 21.766304 9.734676 12.943946
0.461480 21.186760 9.206000 12.719621
0.466402 20.446336 8.328454 12.460050
0.471316 19.671211 8.174029 11.954547
0.476221 18.417646 7.705484 11.240664
0.481118 17.654419 7.491101 10.858956
0.486007 16.622807 7.271423 10.008269
0.490889 15.987372 7.165768 9.596030
0.495765 14.483314 7.486486 8.270977
0.500634 13.836188 6.873472 8.396220
0.505498 12.986854 6.490056 7.827581
0.510357 12.565462 6.362938 7.495279
0.515211 11.791145 5.804665 7.253350
0.520061 11.274446 6.027704 6.764993
0.524907 10.475147 5.981213 5.879031
0.529749 10.310721 5.957909 5.732406
0.534589 9.468729 5.258191 5.736387
0.539425 9.526039 5.365961 5.411492
0.544260 8.929420 5.149560 5.045507
0.549092 8.703117 4.638033 5.329270
0.553923 8.106434 4.892526 4.540070
0.558753 7.783855 4.168815 5.029594
0.563582 7.361217 3.911203 4.799350
0.568411 7.448439 4.018411 4.437100
0.573240 7.027856 3.898374 4.111528
0.578069 6.706555 3.855655 3.886163
0.582898 6.344610 3.545476 3.936652
0.587729 6.156006 3.406269 3.802152
0.592561 5.936211 3.290198 3.648263
0.597394 5.693219 3.207433 3.504319
0.602229 5.629440 3.036847 3.456303
0.607067 5.414264 2.957529 3.245308
0.611907 5.386608 2.729632 3.292446
0.616750 5.151120 2.657531 3.152689
0.621596 5.021026 2.546207 3.102138
0.626446 4.888463 2.380627 3.027841
0.631299 4.781010 2.330444 2.966204
0.636157 4.595362 2.205689 2.859013
0.641018 4.597619 2.040507 2.941852
0.645885 4.306554 2.052528 2.714872
0.650756 4.237766 2.028053 2.642657
0.655632 4.201682 1.833225 2.657466
0.660514 4.163578 1.789752 2.599711
0.665401 4.004573 1.699460 2.503590
0.670295 3.890327 1.764510 2.385994
0.675194 3.698998 1.663286 2.341304
0.680101 4.471604 0.988929 2.966518
0.685013 3.550284 1.645553 2.112545
0.689933 3.447860 1.678907 1.998239
0.694860 3.303882 1.527593 1.992633
0.699795 3.247729 1.540134 1.918970
0.704737 3.170985 1.421569 1.861891
0.709687 3.211757 1.365905 1.890571
0.714646 2.977194 1.406648 1.702691
0.719613 2.931803 1.346514 1.723521
0.724589 2.802841 1.274935 1.659091
0.729573 2.897351 1.175485 1.716500
0.734567 2.781959 1.126599 1.641545
0.739570 2.750646 1.065190 1.630619
0.744583 2.648422 1.027829 1.549563
0.749606 2.635221 1.012723 1.522061
0.754639 2.538397 0.953210 1.469116
0.759682 2.526481 0.931156 1.461672
0.764735 2.436172 0.894784 1.409962
0.769800 2.426812 0.902179 1.360542
0.774875 2.307801 0.833226 1.327360
0.779962 2.275566 0.815126 1.291853
0.785060 2.146667 0.800440 1.207107
0.790169 2.115607 0.769804 1.195922
0.795291 2.030658 0.730908 1.143002
0.800424 1.995064 0.708520 1.128782
0.805570 1.912977 0.697149 1.070741
0.810728 1.761748 0.781469 0.947453
0.815899 1.683006 0.727576 0.930665
0.821083 1.653550 0.727805 0.894108
0.826280 1.589967 0.726611 0.836264
0.831491 1.606971 0.628190 0.894495
0.836715 1.602524 0.530928 0.930694
0.841952 1.611165 0.493345 0.920647
0.847204 1.332709 0.665999 0.692879
0.852469 1.295832 0.645378 0.669517
0.857749 1.477496 0.393622 0.871445
0.863044 1.432528 0.386154 0.836429
0.868353 1.389838 0.388301 0.806688
0.873677 1.320198 0.386850 0.763674
0.879017 1.297174 0.369257 0.751590
0.884371 1.230675 0.377285 0.687637
0.889741 1.196273 0.367628 0.670045
0.895127 1.099178 0.354288 0.617121
0.900529 0.950605 0.459871 0.489536
0.905947 0.894353 0.431507 0.457052
0.911381 0.846756 0.389204 0.472337
0.916832 0.948271 0.210891 0.603729
0.922300 0.895292 0.210354 0.569388
0.927784 0.714535 0.365967 0.375034
0.933286 0.644078 0.352784 0.341766
0.938804 0.632351 0.304494 0.352251
0.944340 0.574080 0.277573 0.324981
0.949894 0.513362 0.285305 0.297921
0.955466 0.455374 0.259161 0.258599
0.961056 0.432910 0.237275 0.253769
0.966664 0.372837 0.223679 0.216882
0.972290 0.305199 0.240061 0.168733
0.977935 0.273694 0.209929 0.157700
0.983599 0.218710 0.196531 0.132079
0.989282 0.186524 0.176959 0.125466
0.994984 0.123228 0.148905 0.108397
1.000705 0.119453 0.154706 0.102681
