0.062500 0.000001 0.000009 0.000001
0.073864 0.000005 0.000036 0.000005
0.084418 0.000013 0.000070 0.000013
0.094356 0.000028 0.000140 0.000027
0.103801 0.000060 0.000280 0.000059
0.112839 0.000128 0.000585 0.000127
0.121533 0.000219 0.000945 0.000217
0.129933 0.000358 0.001421 0.000354
0.138074 0.000507 0.001946 0.000497
0.145988 0.001103 0.002258 0.001085
0.153699 0.001573 0.002913 0.001549
0.161227 0.002130 0.003704 0.002090
0.168589 0.002745 0.004467 0.002697
0.175800 0.003420 0.005601 0.003319
0.182872 0.004185 0.006892 0.004042
0.189818 0.005337 0.008167 0.005125
0.196645 0.005295 0.010158 0.005121
0.203363 0.007136 0.011143 0.006786
0.209980 0.008457 0.012928 0.007977
0.216501 0.008783 0.015322 0.008003
0.222934 0.010490 0.017718 0.009285
0.229283 0.011892 0.019317 0.010682
0.235554 0.012942 0.021173 0.011754
0.241751 0.014487 0.023069 0.013477
0.247878 0.015988 0.025144 0.014096
0.253940 0.017711 0.027224 0.015533
0.259938 0.020820 0.029289 0.018285
0.265878 0.021617 0.031219 0.018970
0.271762 0.023678 0.034002 0.020725
0.277593 0.025455 0.036314 0.022256
0.283373 0.027214 0.038724 0.023778
0.289105 0.031270 0.037851 0.028814
0.294791 0.032729 0.041575 0.028724
0.300433 0.036348 0.044503 0.030623
0.306034 0.040287 0.043754 0.035052
0.311595 0.043125 0.046672 0.036782
0.317118 0.044171 0.048905 0.037746
0.322604 0.046381 0.052234 0.039572
0.328056 0.048364 0.054299 0.041211
0.333475 0.047849 0.060600 0.038820
0.338862 0.049716 0.063627 0.040282
0.344218 0.053952 0.062978 0.044188
0.349546 0.056162 0.063191 0.048374
0.354846 0.055026 0.066914 0.047225
0.360119 0.057870 0.069985 0.049285
0.365367 0.062924 0.067721 0.053739
0.370590 0.064934 0.069609 0.057025
0.375791 0.066065 0.070439 0.057923
0.380969 0.069620 0.076307 0.057598
0.386125 0.071168 0.078023 0.058777
0.391261 0.070853 0.085703 0.056811
0.396378 0.081112 0.076636 0.069580
0.401477 0.082717 0.078591 0.072058
0.406557 0.089099 0.075395 0.077915
0.411620 0.091302 0.076042 0.079933
0.416668 0.083172 0.090392 0.067239
0.421700 0.083593 0.092190 0.068935
0.426717 0.084509 0.090578 0.072797
0.431720 0.096877 0.086034 0.081038
0.436709 0.087649 0.096649 0.072057
0.441686 0.090336 0.099146 0.073763
0.446651 0.093473 0.100479 0.074130
0.451605 0.093219 0.101891 0.075288
0.456547 0.094338 0.101288 0.077524
0.461480 0.096206 0.103249 0.077747
0.466402 0.097549 0.101424 0.080112
0.471316 0.099639 0.104479 0.079895
0.476221 0.097536 0.109848 0.075470
0.481118 0.099157 0.113741 0.073944
0.486007 0.099897 0.110133 0.077160
0.490889 0.099859 0.109367 0.081147
0.495765 0.102251 0.114253 0.075846
0.500634 0.103002 0.116275 0.075989
0.505498 0.101301 0.110410 0.082160
0.510357 0.102907 0.110970 0.083513
0.515211 0.103251 0.109815 0.084191
0.520061 0.104848 0.115475 0.080410
0.524907 0.104808 0.114654 0.080126
0.529749 0.108298 0.114438 0.083156
0.534589 0.108390 0.114956 0.083111
0.539425 0.108923 0.114795 0.084561
0.544260 0.109665 0.115826 0.083061
0.549092 0.110167 0.116501 0.083108
0.553923 0.135881 0.089295 0.110096
0.558753 0.136805 0.089216 0.110457
0.563582 0.136766 0.092448 0.107219
0.568411 0.136874 0.093267 0.107302
0.573240 0.135934 0.093864 0.108112
0.578069 0.137819 0.096426 0.106343
0.582898 0.139205 0.092854 0.110406
0.587729 0.139753 0.092937 0.110732
0.592561 0.138423 0.092387 0.111954
0.597394 0.141181 0.093183 0.110822
0.602229 0.144464 0.087482 0.116314
0.607067 0.150708 0.094012 0.109775
0.611907 0.148608 0.091343 0.111241
0.616750 0.147496 0.089921 0.111233
0.621596 0.145977 0.086841 0.113873
0.626446 0.145828 0.082220 0.117040
0.631299 0.145058 0.082108 0.115647
0.636157 0.144683 0.080687 0.114676
0.641018 0.144900 0.079277 0.114588
0.645885 0.145356 0.077062 0.114147
0.650756 0.141029 0.079577 0.109172
0.655632 0.141230 0.079114 0.108770
0.660514 0.145574 0.086552 0.101235
0.665401 0.145022 0.085492 0.100372
0.670295 0.143998 0.084062 0.099998
0.675194 0.145434 0.083835 0.098840
0.680101 0.138739 0.076422 0.104457
0.685013 0.141059 0.071760 0.106464
0.689933 0.140096 0.078325 0.097687
0.694860 0.140758 0.078192 0.095627
0.699795 0.142260 0.073838 0.097632
0.704737 0.132742 0.082550 0.087085
0.709687 0.132179 0.081682 0.085838
0.714646 0.131735 0.079793 0.085635
0.719613 0.130710 0.077518 0.085965
0.724589 0.130655 0.074548 0.086559
0.729573 0.135884 0.071513 0.086729
0.734567 0.135485 0.072839 0.083702
0.739570 0.134670 0.071985 0.082783
0.744583 0.148897 0.046167 0.105349
0.749606 0.148834 0.045084 0.103107
0.754639 0.147145 0.047571 0.097622
0.759682 0.146225 0.047684 0.094591
0.764735 0.144130 0.045802 0.093213
0.769800 0.142990 0.044130 0.092417
0.774875 0.141018 0.045036 0.089796
0.779962 0.141121 0.046009 0.087040
0.785060 0.138186 0.046252 0.084340
0.790169 0.134522 0.043505 0.084164
0.795291 0.132751 0.042856 0.082387
0.800424 0.130712 0.042624 0.080986
0.805570 0.129232 0.041610 0.079513
0.810728 0.128190 0.040930 0.078660
0.815899 0.128271 0.038359 0.079057
0.821083 0.127398 0.036412 0.079130
0.826280 0.109193 0.050005 0.063044
0.831491 0.121633 0.035942 0.074417
0.836715 0.107691 0.048574 0.060741
0.841952 0.107494 0.047786 0.060464
0.847204 0.106738 0.045746 0.060468
0.852469 0.106521 0.049770 0.054719
0.857749 0.104720 0.044916 0.057709
0.863044 0.107013 0.048502 0.052123
0.868353 0.102893 0.048180 0.050735
0.873677 0.101018 0.048472 0.048633
0.879017 0.100868 0.045057 0.050034
0.884371 0.100491 0.041018 0.051561
0.889741 0.095753 0.034303 0.056339
0.895127 0.091409 0.033815 0.053829
0.900529 0.091454 0.030178 0.054967
0.905947 0.088882 0.031548 0.050947
0.911381 0.087151 0.030939 0.049382
0.916832 0.084112 0.030442 0.047530
0.922300 0.082717 0.029068 0.046660
0.927784 0.072784 0.033750 0.039328
0.933286 0.071419 0.031960 0.038706
0.938804 0.069786 0.031315 0.036869
0.944340 0.080946 0.015835 0.049724
0.949894 0.063820 0.031117 0.032822
0.955466 0.061139 0.027741 0.032640
0.961056 0.058228 0.027888 0.030888
0.966664 0.057940 0.025120 0.030684
0.972290 0.055199 0.024040 0.029397
0.977935 0.051485 0.018778 0.031888
0.983599 0.048069 0.018454 0.029071
0.989282 0.044875 0.017871 0.027031
0.994984 0.039016 0.014950 0.025755
1.000705 0.041508 0.015582 0.026541
