0.062500 0.000007 0.000070 0.000007
0.073864 0.000098 0.000762 0.000098
0.084418 0.000302 0.001975 0.000302
0.094356 0.000819 0.004533 0.000818
0.103801 0.002149 0.008606 0.002134
0.112839 0.004177 0.019050 0.004135
0.121533 0.008024 0.032338 0.007993
0.129933 0.014428 0.047790 0.014358
0.138074 0.020581 0.066775 0.020437
0.145988 0.037779 0.086339 0.037469
0.153699 0.050642 0.116892 0.050007
0.161227 0.063703 0.163855 0.062524
0.168589 0.078689 0.204972 0.076958
0.175800 0.097862 0.251221 0.095354
0.182872 0.130838 0.307761 0.127698
0.189818 0.162189 0.369384 0.157399
0.196645 0.192617 0.408711 0.184915
0.203363 0.234111 0.518443 0.226808
0.209980 0.296940 0.578834 0.287826
0.216501 0.329577 0.636189 0.318940
0.222934 0.377221 0.771209 0.364698
0.229283 0.433979 0.912492 0.419964
0.235554 0.477098 1.005812 0.462182
0.241751 0.545899 1.170983 0.520785
0.247878 0.601650 1.290270 0.571885
0.253940 0.646208 1.475878 0.611939
0.259938 0.758586 1.688311 0.701894
0.265878 0.791214 1.819007 0.738198
0.271762 0.906007 1.983152 0.844545
0.277593 0.984964 2.167918 0.917096
0.283373 1.075117 2.378565 1.000790
0.289105 1.194953 2.692803 1.113501
0.294791 1.412138 2.846936 1.342881
0.300433 1.405971 3.353452 1.327474
0.306034 1.496732 3.519726 1.388078
0.311595 1.637210 3.864684 1.521978
0.317118 1.770324 4.104875 1.647471
0.322604 1.904712 4.514402 1.775721
0.328056 2.065065 4.973699 1.930870
0.333475 2.234547 5.252237 2.172566
0.338862 2.436264 5.644422 2.304487
0.344218 2.580106 5.898959 2.442089
0.349546 2.809575 6.501627 2.657524
0.354846 3.028249 6.700958 2.874523
0.360119 3.246426 7.188714 3.087102
0.365367 3.451945 7.310735 3.268999
0.370590 3.709539 7.624181 3.513868
0.375791 3.905316 7.590884 3.705842
0.380969 4.211050 7.729670 4.039436
0.386125 4.368817 7.856663 4.075819
0.391261 4.684872 7.870888 4.434634
0.396378 4.508141 8.438739 4.263426
0.401477 4.921618 8.397872 4.664663
0.406557 4.844636 8.510484 4.578860
0.411620 5.125342 8.678048 4.760783
0.416668 5.260355 8.705055 4.847861
0.421700 5.400667 8.744833 5.181186
0.426717 5.569059 8.789591 5.200626
0.431720 5.842429 8.768811 5.355805
0.436709 5.962561 8.661189 5.465792
0.441686 6.244899 8.518851 5.768348
0.446651 6.401087 8.406433 5.930701
0.451605 6.551480 8.455390 6.052644
0.456547 6.287271 8.534799 5.795550
0.461480 6.457436 8.503964 5.931953
0.466402 6.520416 8.210054 5.965204
0.471316 6.641807 8.185893 6.031321
0.476221 7.014495 7.527375 6.388366
0.481118 7.104038 7.426942 6.459639
0.486007 7.291031 7.658089 5.851894
0.490889 7.437224 7.795406 5.568010
0.495765 7.383187 7.434603 5.507271
0.500634 7.429802 7.198268 5.616441
0.505498 7.448145 6.931725 5.558046
0.510357 7.554550 7.007400 5.432865
0.515211 7.357212 6.572698 5.591699
0.520061 7.397493 6.594037 5.419304
0.524907 9.114241 4.426089 7.180718
0.529749 7.399048 6.181202 5.249257
0.534589 7.338948 5.847172 5.227283
0.539425 9.017402 4.887368 6.061266
0.544260 8.776825 4.638275 5.911570
0.549092 8.404360 4.109110 6.268428
0.553923 8.168184 3.971586 6.069396
0.558753 8.273318 3.730202 6.118171
0.563582 7.599082 4.083378 5.486179
0.568411 7.449746 3.900374 5.463546
0.573240 7.173134 3.885696 5.179301
0.578069 7.202207 3.686033 5.124998
0.582898 7.009165 3.664245 4.907954
0.587729 6.940454 3.657196 4.676524
0.592561 6.792315 3.526975 4.560156
0.597394 6.630576 3.431284 4.481932
0.602229 6.522335 3.336466 4.324770
0.607067 6.394221 3.302841 4.163176
0.611907 6.491067 2.951613 4.319859
0.616750 6.296251 2.949964 4.102410
0.621596 6.149806 2.877460 3.987537
0.626446 6.000560 2.836844 3.847199
0.631299 5.911653 2.795587 3.732521
0.636157 5.804133 2.707882 3.610939
0.641018 5.808643 3.279565 2.900130
0.645885 5.629054 2.989962 2.945227
0.650756 5.516733 2.909467 2.859414
0.655632 5.347022 2.883924 2.687956
0.660514 5.256387 2.837099 2.607952
0.665401 5.160758 2.762616 2.503070
0.670295 5.048526 2.694231 2.476583
0.675194 5.059931 2.581763 2.432272
0.680101 4.972854 2.441457 2.448444
0.685013 4.822266 2.324583 2.408431
0.689933 4.741842 2.294307 2.345635
0.694860 4.624855 2.233086 2.279023
0.699795 4.580228 2.183345 2.249289
0.704737 4.497810 2.043957 2.267937
0.709687 4.418157 1.988183 2.256242
0.714646 4.181767 2.045120 2.062419
0.719613 4.137135 1.997386 2.032051
0.724589 3.995525 1.972469 1.948359
0.729573 3.934288 1.938655 1.922833
0.734567 3.824105 1.905380 1.864354
0.739570 3.713666 1.755259 1.918619
0.744583 3.636633 1.716923 1.850472
0.749606 3.570510 1.661038 1.811636
0.754639 3.481193 1.619273 1.756854
0.759682 3.410961 1.587094 1.720723
0.764735 3.481376 1.370355 1.839889
0.769800 3.392482 1.372468 1.774832
0.774875 3.307213 1.337629 1.725348
0.779962 3.215735 1.192967 1.786823
0.785060 3.129987 1.182972 1.713868
0.790169 3.106340 1.161567 1.660591
0.795291 2.998685 1.121341 1.634407
0.800424 3.022421 1.020044 1.671465
0.805570 2.924043 0.989613 1.625822
0.810728 2.861547 0.948036 1.594269
0.815899 2.753336 0.983166 1.500294
0.821083 2.688889 0.952703 1.481758
0.826280 2.641287 0.917863 1.441712
0.831491 2.626919 0.863682 1.452400
0.836715 2.562948 0.878656 1.375705
0.841952 2.512653 0.870240 1.350516
0.847204 2.440850 0.841139 1.314127
0.852469 2.393832 0.853238 1.245048
0.857749 2.307273 0.826505 1.215616
0.863044 2.272089 0.793518 1.198885
0.868353 2.208581 0.787917 1.182329
0.873677 2.130123 0.773980 1.141669
0.879017 2.065692 0.758150 1.123253
0.884371 2.046333 0.674930 1.147008
0.889741 1.896266 0.747023 1.033633
0.895127 1.828442 0.710145 0.996704
0.900529 1.793302 0.705704 0.957015
0.905947 1.695838 0.668507 0.932234
0.911381 1.660334 0.648023 0.906173
0.916832 1.521628 0.646121 0.849427
0.922300 1.511510 0.622513 0.828504
0.927784 1.436063 0.580912 0.813112
0.933286 1.364981 0.577185 0.755398
0.938804 1.299115 0.559060 0.729831
0.944340 1.192222 0.592289 0.640821
0.949894 1.151571 0.573436 0.623224
0.955466 1.057037 0.505371 0.605589
0.961056 1.092396 0.462062 0.619463
0.966664 1.002982 0.432398 0.574649
0.972290 0.943166 0.411295 0.545050
0.977935 0.855476 0.384066 0.504640
0.983599 0.776419 0.355233 0.462561
0.989282 0.728383 0.336208 0.427595
0.994984 0.628644 0.296997 0.380351
1.000705 0.648780 0.333713 0.381507
