# Analytic fit parameters for the partial photoionisation cross-sections 
# from all sub-shells (n, l) of the ground state of each atom and ion, taken from: 
# Verner & Yakovlev 1995, A&AS, 109, 125 
# We include only the 11 elements that are in CHIMES. We use these fits to calculate 
# the Auger photoionisation rates from the inner shells. 
# The columns are as follows: 
# ++++++++++++++++++++++++++++++++++++++++++++++++++++++++++++++++++++++++++++++++++
# Column	Variable	Units	Description 
# ++++++++++++++++++++++++++++++++++++++++++++++++++++++++++++++++++++++++++++++++++
#    1		   Z		 N/A	Atomic number 
#    2		   N		 N/A	Number of electrons
#    3		   n		 N/A	Principal quantum number of the subshell
#    4		   l		 N/A	Oribital quantum number
#    5		   E_th		 eV 	Threshold ionisation energy of the subshell
#    6		   E_0		 eV	Fit parameter in equation 1
#    7 		   sigma_0	 Mb	Fit parameter in equation 1
#    8 		   y_a		 N/A 	Fit parameter in equation 1
#    9 		   P 		 N/A	Fit parameter in equation 1
#    10 	   y_w 		 N/A 	Fit parameter in equation 1
# ++++++++++++++++++++++++++++++++++++++++++++++++++++++++++++++++++++++++++++++++++
1	1	1	0	1.360E+01	4.298E-01	5.475E+04	3.288E+01	2.963E+00	0.000E+00
2	2	1	0	2.459E+01	5.996E+00	4.470E+03	2.199E+00	6.098E+00	0.000E+00
2	1	1	0	5.442E+01	1.720E+00	1.369E+04	3.288E+01	2.963E+00	0.000E+00
6	6	2	1	1.126E+01	9.435E+00	1.152E+03	5.687E+00	6.336E+00	4.474E-01
6	6	2	0	1.939E+01	1.026E+01	4.564E+03	1.568E+00	1.085E+01	0.000E+00
6	6	1	0	2.910E+02	8.655E+01	7.421E+01	5.498E+01	1.503E+00	0.000E+00
6	5	2	1	2.438E+01	1.094E+01	1.792E+02	3.308E+01	4.150E+00	5.276E-01
6	5	2	0	3.047E+01	2.991E+00	1.184E+03	3.085E+00	1.480E+01	0.000E+00
6	5	1	0	3.076E+02	9.113E+01	6.649E+01	9.609E+01	1.338E+00	0.000E+00
6	4	2	0	4.789E+01	3.942E+00	1.219E+02	1.499E+01	7.489E+00	0.000E+00
6	4	1	0	3.289E+02	8.370E+01	8.067E+01	7.471E+01	1.442E+00	0.000E+00
6	3	2	0	6.449E+01	7.843E+00	7.109E+01	2.828E+01	4.754E+00	0.000E+00
6	3	1	0	3.522E+02	8.412E+01	8.111E+01	7.459E+01	1.428E+00	0.000E+00
6	2	1	0	3.921E+02	4.624E+01	2.344E+02	2.183E+01	2.581E+00	0.000E+00
6	1	1	0	4.900E+02	1.548E+01	1.521E+03	3.288E+01	2.963E+00	0.000E+00
7	7	2	1	1.453E+01	1.164E+01	1.029E+04	2.361E+00	8.821E+00	4.239E-01
7	7	2	0	2.541E+01	1.482E+01	7.722E+02	2.306E+00	9.139E+00	0.000E+00
7	7	1	0	4.048E+02	1.270E+02	4.748E+01	1.380E+02	1.252E+00	0.000E+00
7	6	2	1	2.960E+01	1.827E+01	1.724E+02	8.893E+01	3.348E+00	4.209E-01
7	6	2	0	3.796E+01	1.094E+01	7.483E+02	2.793E+00	9.956E+00	0.000E+00
7	6	1	0	4.236E+02	1.242E+02	5.002E+01	9.100E+01	1.335E+00	0.000E+00
7	5	2	1	4.745E+01	1.925E+01	9.400E+01	1.152E+02	3.194E+00	5.496E-01
7	5	2	0	5.545E+01	5.853E+00	1.908E+02	6.264E+00	9.711E+00	0.000E+00
7	5	1	0	4.473E+02	1.220E+02	5.235E+01	9.428E+01	1.335E+00	0.000E+00
7	4	2	0	7.747E+01	6.225E+00	1.110E+02	1.733E+01	6.719E+00	0.000E+00
7	4	1	0	4.753E+02	1.070E+02	7.046E+01	5.342E+01	1.552E+00	0.000E+00
7	3	2	0	9.789E+01	1.862E+01	3.447E+01	4.231E+01	3.606E+00	0.000E+00
7	3	1	0	5.043E+02	1.060E+02	7.304E+01	5.547E+01	1.538E+00	0.000E+00
7	2	1	0	5.521E+02	6.943E+01	1.519E+02	2.627E+01	2.315E+00	0.000E+00
7	1	1	0	6.671E+02	2.108E+01	1.117E+03	3.288E+01	2.963E+00	0.000E+00
8	8	2	1	1.362E+01	1.391E+01	1.220E+05	1.364E+00	1.140E+01	4.103E-01
8	8	2	0	2.848E+01	1.994E+01	2.415E+02	3.241E+00	8.037E+00	0.000E+00
8	8	1	0	5.380E+02	1.774E+02	3.237E+01	3.812E+02	1.083E+00	0.000E+00
8	7	2	1	3.512E+01	1.745E+01	5.186E+02	1.728E+01	4.995E+00	2.182E-02
8	7	2	0	4.599E+01	1.759E+01	1.962E+02	4.020E+00	7.999E+00	0.000E+00
8	7	1	0	5.581E+02	1.690E+02	3.584E+01	1.894E+02	1.185E+00	0.000E+00
8	6	2	1	5.494E+01	2.067E+01	2.318E+02	7.136E+01	3.618E+00	5.538E-02
8	6	2	0	6.551E+01	1.594E+01	1.217E+02	6.156E+00	7.271E+00	0.000E+00
8	6	1	0	5.840E+02	1.620E+02	3.939E+01	1.104E+02	1.289E+00	0.000E+00
8	5	2	1	7.741E+01	1.937E+01	1.619E+02	7.312E+01	3.648E+00	3.760E-02
8	5	2	0	8.737E+01	7.942E+00	1.063E+02	9.708E+00	8.183E+00	0.000E+00
8	5	1	0	6.144E+02	1.593E+02	4.123E+01	1.141E+02	1.287E+00	0.000E+00
8	4	2	0	1.139E+02	8.467E+00	9.641E+01	2.287E+01	6.061E+00	0.000E+00
8	4	1	0	6.491E+02	1.377E+02	5.735E+01	5.486E+01	1.540E+00	0.000E+00
8	3	2	0	1.381E+02	9.141E+00	6.896E+01	3.896E+01	4.943E+00	0.000E+00
8	3	1	0	6.837E+02	1.354E+02	6.029E+01	5.682E+01	1.533E+00	0.000E+00
8	2	1	0	7.393E+02	8.709E+01	1.329E+02	2.535E+01	2.336E+00	0.000E+00
8	1	1	0	8.714E+02	2.754E+01	8.554E+02	3.288E+01	2.963E+00	0.000E+00
10	10	2	1	2.156E+01	2.000E+01	1.691E+04	2.442E+00	1.043E+01	3.345E-01
10	10	2	0	4.847E+01	3.204E+01	5.615E+01	5.808E+00	6.678E+00	0.000E+00
10	10	1	0	8.701E+02	3.144E+02	1.664E+01	2.042E+05	8.450E-01	0.000E+00
10	9	2	1	4.096E+01	3.428E+01	2.766E+02	4.179E+01	4.029E+00	3.052E-01
10	9	2	0	6.374E+01	3.187E+01	4.025E+01	8.495E+00	6.038E+00	0.000E+00
10	9	1	0	8.831E+02	2.452E+02	2.783E+01	6.075E+01	1.420E+00	0.000E+00
10	8	2	1	6.346E+01	3.485E+01	2.451E+02	6.937E+01	3.645E+00	2.042E-01
10	8	2	0	8.721E+01	3.192E+01	3.797E+01	1.054E+01	5.652E+00	0.000E+00
10	8	1	0	9.131E+02	2.387E+02	2.943E+01	6.525E+01	1.424E+00	0.000E+00
10	7	2	1	9.712E+01	3.494E+01	2.214E+02	7.203E+01	3.563E+00	2.573E-01
10	7	2	0	1.132E+02	3.092E+01	4.190E+01	1.139E+01	5.554E+00	0.000E+00
10	7	1	0	9.480E+02	2.360E+02	3.027E+01	6.734E+01	1.422E+00	0.000E+00
10	6	2	1	1.262E+02	3.316E+01	1.962E+02	7.397E+01	3.563E+00	2.895E-01
10	6	2	0	1.415E+02	2.615E+01	5.421E+01	1.117E+01	5.907E+00	0.000E+00
10	6	1	0	9.873E+02	2.343E+02	3.097E+01	6.907E+01	1.416E+00	0.000E+00
10	5	2	1	1.579E+02	2.740E+01	1.717E+02	6.423E+01	3.819E+00	1.680E-01
10	5	2	0	1.719E+02	2.496E+01	5.575E+01	1.427E+01	5.562E+00	0.000E+00
10	5	1	0	1.031E+03	2.308E+02	3.232E+01	7.167E+01	1.411E+00	0.000E+00
10	4	2	0	2.073E+02	2.822E+01	4.978E+01	2.600E+01	4.500E+00	0.000E+00
10	4	1	0	1.078E+03	1.886E+02	5.011E+01	5.000E+01	1.650E+00	0.000E+00
10	3	2	0	2.391E+02	2.859E+01	2.897E+01	3.836E+01	3.992E+00	0.000E+00
10	3	1	0	1.125E+03	2.193E+02	3.719E+01	8.181E+01	1.396E+00	0.000E+00
10	2	1	0	1.196E+03	1.586E+02	6.695E+01	3.352E+01	2.002E+00	0.000E+00
10	1	1	0	1.362E+03	4.304E+01	5.475E+02	3.288E+01	2.963E+00	0.000E+00
12	12	3	0	7.646E+00	9.393E+00	3.034E+00	2.625E+07	3.923E+00	0.000E+00
12	12	2	1	5.490E+01	4.937E+01	2.023E+02	1.079E+04	2.960E+00	1.463E-02
12	12	2	0	9.400E+01	4.587E+01	1.671E+01	2.389E+01	4.742E+00	0.000E+00
12	12	1	0	1.311E+03	2.711E+02	3.561E+01	2.374E+01	1.952E+00	0.000E+00
12	11	3	0	1.504E+01	8.139E+00	3.278E+00	4.341E+07	3.610E+00	0.000E+00
12	11	2	1	6.569E+01	4.940E+01	2.049E+02	4.112E+03	2.995E+00	2.223E-05
12	11	2	0	9.881E+01	5.142E+01	1.290E+01	5.775E+01	3.903E+00	0.000E+00
12	11	1	0	1.304E+03	3.709E+02	1.767E+01	1.346E+02	1.225E+00	0.000E+00
12	10	2	1	8.014E+01	5.319E+01	2.104E+02	7.813E+01	3.630E+00	2.851E-01
12	10	2	0	1.111E+02	4.804E+01	1.914E+01	1.613E+01	5.050E+00	0.000E+00
12	10	1	0	1.317E+03	3.607E+02	1.877E+01	1.401E+02	1.238E+00	0.000E+00
12	9	2	1	1.093E+02	5.137E+01	2.223E+02	9.301E+01	3.513E+00	5.276E-03
12	9	2	0	1.411E+02	4.810E+01	2.118E+01	1.675E+01	4.941E+00	0.000E+00
12	9	1	0	1.356E+03	3.345E+02	2.212E+01	7.147E+01	1.413E+00	0.000E+00
12	8	2	1	1.413E+02	5.114E+01	2.134E+02	9.563E+01	3.438E+00	5.419E-03
12	8	2	0	1.735E+02	4.710E+01	2.448E+01	1.636E+01	4.951E+00	0.000E+00
12	8	1	0	1.400E+03	3.259E+02	2.350E+01	6.173E+01	1.464E+00	0.000E+00
12	7	2	1	1.865E+02	4.155E+01	2.901E+02	5.000E+01	4.000E+00	3.000E-01
12	7	2	0	2.076E+02	4.500E+01	2.434E+01	2.600E+01	4.500E+00	0.000E+00
12	7	1	0	1.449E+03	2.777E+02	3.278E+01	5.000E+01	1.650E+00	0.000E+00
12	6	2	1	2.249E+02	4.016E+01	2.442E+02	5.000E+01	4.000E+00	3.000E-01
12	6	2	0	2.444E+02	4.341E+01	2.832E+01	2.600E+01	4.500E+00	0.000E+00
12	6	1	0	1.501E+03	2.742E+02	3.407E+01	5.000E+01	1.650E+00	0.000E+00
12	5	2	1	2.660E+02	2.461E+01	3.546E+02	6.160E+01	4.366E+00	6.452E-03
12	5	2	0	2.839E+02	3.967E+01	3.755E+01	1.873E+01	4.950E+00	0.000E+00
12	5	1	0	1.558E+03	3.082E+02	2.721E+01	5.108E+01	1.539E+00	0.000E+00
12	4	2	0	3.282E+02	3.981E+01	3.936E+01	2.600E+01	4.500E+00	0.000E+00
12	4	1	0	1.618E+03	2.671E+02	3.699E+01	5.000E+01	1.650E+00	0.000E+00
12	3	2	0	3.675E+02	4.041E+01	2.228E+01	3.904E+01	3.986E+00	0.000E+00
12	3	1	0	1.675E+03	2.858E+02	3.290E+01	5.384E+01	1.560E+00	0.000E+00
12	2	1	0	1.762E+03	2.042E+02	6.140E+01	2.778E+01	2.161E+00	0.000E+00
12	1	1	0	1.963E+03	6.203E+01	3.802E+02	3.288E+01	2.963E+00	0.000E+00
14	14	3	1	8.152E+00	2.212E+01	1.845E+02	3.849E+00	9.721E+00	2.921E-01
14	14	3	0	1.517E+01	1.413E+01	1.166E+01	2.288E+01	5.334E+00	0.000E+00
14	14	2	1	1.060E+02	7.808E+01	1.532E+02	5.765E+06	2.639E+00	2.774E-04
14	14	2	0	1.560E+02	7.017E+01	1.166E+01	4.742E+01	3.933E+00	0.000E+00
14	14	1	0	1.846E+03	5.322E+02	1.184E+01	2.580E+02	1.102E+00	0.000E+00
14	13	3	1	1.635E+01	2.123E+01	6.975E+01	4.907E+00	9.525E+00	3.169E-01
14	13	3	0	2.240E+01	1.364E+01	8.454E+00	7.489E+01	4.676E+00	0.000E+00
14	13	2	1	1.186E+02	7.154E+01	1.832E+02	3.537E+02	3.133E+00	2.870E-04
14	13	2	0	1.619E+02	6.738E+01	1.263E+01	3.623E+01	4.172E+00	0.000E+00
14	13	1	0	1.839E+03	4.580E+02	1.628E+01	7.706E+01	1.385E+00	0.000E+00
14	12	3	0	3.349E+01	1.182E+01	8.666E+00	3.532E+02	4.208E+00	0.000E+00
14	12	2	1	1.311E+02	6.652E+01	2.197E+02	1.169E+02	3.529E+00	8.658E-04
14	12	2	0	1.744E+02	5.843E+01	1.569E+01	2.296E+01	4.803E+00	0.000E+00
14	12	1	0	1.852E+03	3.201E+02	3.591E+01	2.174E+01	2.123E+00	0.000E+00
14	11	3	0	4.514E+01	1.288E+01	6.083E+00	1.356E+06	3.353E+00	0.000E+00
14	11	2	1	1.466E+02	6.482E+01	2.326E+02	1.188E+02	3.547E+00	8.417E-04
14	11	2	0	1.899E+02	5.977E+01	1.486E+01	2.786E+01	4.565E+00	0.000E+00
14	11	1	0	1.868E+03	3.131E+02	3.784E+01	2.017E+01	2.186E+00	0.000E+00
14	10	2	1	1.668E+02	7.021E+01	2.109E+02	8.199E+01	3.588E+00	6.329E-05
14	10	2	0	2.076E+02	6.653E+01	1.463E+01	2.200E+01	4.611E+00	0.000E+00
14	10	1	0	1.887E+03	3.460E+02	3.100E+01	1.979E+01	2.094E+00	0.000E+00
14	9	2	1	2.051E+02	6.007E+01	2.789E+02	5.000E+01	4.000E+00	3.000E-01
14	9	2	0	2.468E+02	6.237E+01	1.648E+01	2.600E+01	4.500E+00	0.000E+00
14	9	1	0	1.946E+03	3.799E+02	2.398E+01	5.000E+01	1.650E+00	0.000E+00
14	8	2	1	2.465E+02	5.786E+01	2.777E+02	5.000E+01	4.000E+00	3.000E-01
14	8	2	0	2.872E+02	6.086E+01	1.857E+01	2.600E+01	4.500E+00	0.000E+00
14	8	1	0	2.001E+03	3.759E+02	2.474E+01	5.000E+01	1.650E+00	0.000E+00
14	7	2	1	3.032E+02	5.911E+01	2.326E+02	6.806E+01	3.718E+00	2.813E-05
14	7	2	0	3.310E+02	6.593E+01	2.049E+01	2.121E+01	4.515E+00	0.000E+00
14	7	1	0	2.058E+03	3.442E+02	3.135E+01	2.260E+01	2.020E+00	0.000E+00
14	6	2	1	3.511E+02	5.486E+01	2.031E+02	5.000E+01	4.000E+00	3.000E-01
14	6	2	0	3.756E+02	5.745E+01	2.394E+01	2.600E+01	4.500E+00	0.000E+00
14	6	1	0	2.125E+03	3.679E+02	2.641E+01	5.000E+01	1.650E+00	0.000E+00
14	5	2	1	4.014E+02	3.950E+01	2.223E+02	6.521E+01	4.118E+00	4.760E-05
14	5	2	0	4.234E+02	6.098E+01	2.624E+01	2.213E+01	4.520E+00	0.000E+00
14	5	1	0	2.194E+03	3.356E+02	3.343E+01	2.487E+01	1.982E+00	0.000E+00
14	4	2	0	4.761E+02	5.350E+01	3.155E+01	2.600E+01	4.500E+00	0.000E+00
14	4	1	0	2.268E+03	3.599E+02	2.832E+01	5.000E+01	1.650E+00	0.000E+00
14	3	2	0	5.235E+02	4.847E+01	1.966E+01	3.851E+01	4.148E+00	0.000E+00
14	3	1	0	2.336E+03	3.150E+02	3.880E+01	3.034E+01	1.925E+00	0.000E+00
14	2	1	0	2.438E+03	2.752E+02	4.754E+01	2.848E+01	2.135E+00	0.000E+00
14	1	1	0	2.673E+03	8.447E+01	2.793E+02	3.288E+01	2.963E+00	0.000E+00
16	16	3	1	1.036E+01	2.975E+01	5.644E+01	1.321E+01	7.513E+00	2.621E-01
16	16	3	0	2.130E+01	1.916E+01	1.003E+01	3.296E+01	5.038E+00	0.000E+00
16	16	2	1	1.700E+02	9.152E+01	1.883E+02	7.193E+01	3.633E+00	2.485E-01
16	16	2	0	2.350E+02	1.047E+02	8.520E+00	9.469E+01	3.346E+00	0.000E+00
16	16	1	0	2.477E+03	8.114E+02	6.649E+00	3.734E+03	8.646E-01	0.000E+00
16	15	3	1	2.333E+01	2.890E+01	1.054E+02	7.474E+00	8.421E+00	2.840E-01
16	15	3	0	3.190E+01	2.047E+01	7.824E+00	2.396E+02	3.950E+00	0.000E+00
16	15	2	1	1.846E+02	9.058E+01	1.896E+02	7.538E+01	3.635E+00	2.934E-01
16	15	2	0	2.387E+02	9.694E+01	9.659E+00	5.188E+01	3.738E+00	0.000E+00
16	15	1	0	2.469E+03	7.306E+02	8.303E+00	7.483E+02	9.844E-01	0.000E+00
16	14	3	1	3.483E+01	2.934E+01	3.702E+01	1.445E+01	7.321E+00	2.989E-01
16	14	3	0	4.415E+01	2.175E+01	8.208E+00	7.941E+02	3.591E+00	0.000E+00
16	14	2	1	1.995E+02	9.246E+01	1.780E+02	1.498E+02	3.319E+00	2.142E-02
16	14	2	0	2.536E+02	9.233E+01	1.048E+01	4.007E+01	3.968E+00	0.000E+00
16	14	1	0	2.484E+03	6.434E+02	1.082E+01	1.410E+02	1.221E+00	0.000E+00
16	13	3	1	4.731E+01	3.325E+01	1.099E+01	3.639E+01	5.977E+00	3.761E-01
16	13	3	0	5.750E+01	2.143E+01	9.080E+00	7.224E+02	3.618E+00	0.000E+00
16	13	2	1	2.164E+02	8.744E+01	2.037E+02	9.310E+01	3.565E+00	9.497E-03
16	13	2	0	2.703E+02	8.665E+01	1.155E+01	3.202E+01	4.227E+00	0.000E+00
16	13	1	0	2.502E+03	5.523E+02	1.504E+01	5.527E+01	1.517E+00	0.000E+00
16	12	3	0	7.268E+01	1.271E+01	1.363E+01	2.570E+02	4.361E+00	0.000E+00
16	12	2	1	2.350E+02	7.411E+01	2.919E+02	4.864E+01	4.142E+00	2.785E-02
16	12	2	0	2.888E+02	7.355E+01	1.407E+01	2.397E+01	4.754E+00	0.000E+00
16	12	1	0	2.522E+03	4.813E+02	2.029E+01	3.854E+01	1.736E+00	0.000E+00
16	11	3	0	8.805E+01	1.413E+01	9.139E+00	1.656E+03	3.626E+00	0.000E+00
16	11	2	1	2.557E+02	5.747E+01	4.712E+02	3.610E+01	4.742E+00	2.480E-02
16	11	2	0	3.094E+02	6.780E+01	1.495E+01	2.519E+01	4.826E+00	0.000E+00
16	11	1	0	2.544E+03	4.681E+02	2.148E+01	4.092E+01	1.738E+00	0.000E+00
16	10	2	1	2.809E+02	7.813E+01	2.751E+02	4.495E+01	4.110E+00	2.108E-02
16	10	2	0	3.321E+02	8.439E+01	1.291E+01	2.335E+01	4.545E+00	0.000E+00
16	10	1	0	2.569E+03	4.952E+02	1.916E+01	3.555E+01	1.742E+00	0.000E+00
16	9	2	1	3.282E+02	7.695E+01	2.615E+02	5.000E+01	4.000E+00	3.000E-01
16	9	2	0	3.797E+02	7.905E+01	1.462E+01	2.600E+01	4.500E+00	0.000E+00
16	9	1	0	2.641E+03	4.891E+02	1.931E+01	5.000E+01	1.650E+00	0.000E+00
16	8	2	1	3.791E+02	6.911E+01	2.970E+02	5.519E+01	4.011E+00	2.178E-02
16	8	2	0	4.296E+02	8.031E+01	1.659E+01	2.170E+01	4.615E+00	0.000E+00
16	8	1	0	2.705E+03	4.937E+02	1.946E+01	3.568E+01	1.737E+00	0.000E+00
16	7	2	1	4.471E+02	7.326E+01	2.213E+02	5.000E+01	4.000E+00	3.000E-01
16	7	2	0	4.804E+02	7.555E+01	1.812E+01	2.600E+01	4.500E+00	0.000E+00
16	7	1	0	2.782E+03	4.802E+02	2.041E+01	5.000E+01	1.650E+00	0.000E+00
16	6	2	1	5.048E+02	7.213E+01	1.689E+02	5.000E+01	4.000E+00	3.000E-01
16	6	2	0	5.346E+02	7.360E+01	2.030E+01	2.600E+01	4.500E+00	0.000E+00
16	6	1	0	2.859E+03	4.758E+02	2.101E+01	5.000E+01	1.650E+00	0.000E+00
16	5	2	1	5.647E+02	5.542E+01	1.641E+02	6.822E+01	4.000E+00	4.183E-02
16	5	2	0	5.906E+02	6.791E+01	2.451E+01	2.306E+01	4.707E+00	0.000E+00
16	5	1	0	2.941E+03	4.828E+02	2.087E+01	3.742E+01	1.720E+00	0.000E+00
16	4	2	0	6.517E+02	6.930E+01	2.571E+01	2.600E+01	4.500E+00	0.000E+00
16	4	1	0	3.029E+03	4.669E+02	2.233E+01	5.000E+01	1.650E+00	0.000E+00
16	3	2	0	7.072E+02	4.414E+01	2.178E+01	4.365E+01	4.480E+00	0.000E+00
16	3	1	0	3.107E+03	4.667E+02	2.293E+01	4.459E+01	1.668E+00	0.000E+00
16	2	1	0	3.224E+03	4.390E+02	2.453E+01	4.405E+01	1.765E+00	0.000E+00
16	1	1	0	3.494E+03	1.104E+02	2.139E+02	3.288E+01	2.963E+00	0.000E+00
20	20	4	0	6.113E+00	7.366E+00	2.373E+00	2.082E+02	4.841E+00	5.841E-04
20	20	3	1	3.443E+01	4.487E+01	9.017E+01	1.465E+01	7.498E+00	2.754E-01
20	20	3	0	4.830E+01	3.012E+01	7.227E+00	1.736E+02	4.165E+00	0.000E+00
20	20	2	1	3.523E+02	1.529E+02	1.282E+02	2.217E+02	3.087E+00	3.343E-03
20	20	2	0	4.425E+02	1.201E+02	1.010E+01	2.468E+01	4.592E+00	0.000E+00
20	20	1	0	4.043E+03	6.947E+02	1.586E+01	2.563E+01	1.966E+00	0.000E+00
20	19	4	0	1.187E+01	4.155E+00	2.235E+00	1.595E+04	4.313E+00	3.539E-01
20	19	3	1	4.090E+01	4.498E+01	7.314E+01	1.898E+01	7.152E+00	2.735E-01
20	19	3	0	6.037E+01	3.176E+01	6.924E+00	5.246E+02	3.771E+00	0.000E+00
20	19	2	1	3.638E+02	1.448E+02	1.446E+02	1.349E+02	3.300E+00	3.358E-04
20	19	2	0	4.415E+02	1.335E+02	8.939E+00	2.914E+01	4.269E+00	0.000E+00
20	19	1	0	4.022E+03	7.997E+02	1.168E+01	3.233E+01	1.744E+00	0.000E+00
20	18	3	1	5.091E+01	4.617E+01	7.930E+01	1.711E+01	7.186E+00	2.658E-01
20	18	3	0	6.920E+01	3.504E+01	6.596E+00	7.909E+02	3.588E+00	0.000E+00
20	18	2	1	3.731E+02	1.260E+02	1.945E+02	6.819E+01	3.770E+00	4.791E-04
20	18	2	0	4.507E+02	1.483E+02	7.770E+00	3.866E+01	3.891E+00	0.000E+00
20	18	1	0	4.032E+03	1.003E+03	7.079E+00	1.108E+02	1.256E+00	0.000E+00
20	17	3	1	6.727E+01	5.169E+01	4.224E+01	4.415E+01	5.864E+00	3.052E-01
20	17	3	0	8.680E+01	3.645E+01	7.134E+00	1.200E+03	3.447E+00	0.000E+00
20	17	2	1	3.944E+02	1.413E+02	1.542E+02	9.906E+01	3.446E+00	1.107E-03
20	17	2	0	4.719E+02	1.373E+02	8.622E+00	3.169E+01	4.152E+00	0.000E+00
20	17	1	0	4.054E+03	9.606E+02	7.782E+00	1.191E+02	1.271E+00	0.000E+00
20	16	3	1	8.451E+01	5.673E+01	3.044E+01	7.647E+01	5.265E+00	3.557E-01
20	16	3	0	1.054E+02	3.722E+01	7.757E+00	1.194E+03	3.398E+00	0.000E+00
20	16	2	1	4.175E+02	1.384E+02	1.622E+02	8.811E+01	3.521E+00	4.384E-04
20	16	2	0	4.948E+02	1.315E+02	9.126E+00	2.928E+01	4.281E+00	0.000E+00
20	16	1	0	4.078E+03	8.635E+02	9.791E+00	6.215E+01	1.479E+00	0.000E+00
20	15	3	1	1.088E+02	5.749E+01	2.483E+01	7.819E+01	5.203E+00	3.800E-01
20	15	3	0	1.249E+02	3.994E+01	8.068E+00	2.341E+03	3.235E+00	0.000E+00
20	15	2	1	4.423E+02	1.303E+02	1.855E+02	6.993E+01	3.707E+00	1.400E-05
20	15	2	0	5.193E+02	1.297E+02	9.293E+00	2.927E+01	4.300E+00	0.000E+00
20	15	1	0	4.105E+03	8.505E+02	1.012E+01	6.416E+01	1.482E+00	0.000E+00
20	14	3	1	1.272E+02	6.097E+01	1.648E+01	9.236E+01	5.007E+00	4.261E-01
20	14	3	0	1.452E+02	4.100E+01	8.521E+00	1.977E+03	3.218E+00	0.000E+00
20	14	2	1	4.687E+02	1.208E+02	2.181E+02	5.816E+01	3.907E+00	4.346E-06
20	14	2	0	5.455E+02	1.268E+02	9.589E+00	2.852E+01	4.353E+00	0.000E+00
20	14	1	0	4.133E+03	8.261E+02	1.079E+01	5.751E+01	1.531E+00	0.000E+00
20	13	3	1	1.472E+02	5.202E+01	1.127E+01	6.821E+01	5.408E+00	2.204E-01
20	13	3	0	1.664E+02	3.989E+01	9.257E+00	9.884E+02	3.326E+00	0.000E+00
20	13	2	1	4.967E+02	1.070E+02	2.788E+02	4.768E+01	4.200E+00	4.591E-06
20	13	2	0	5.732E+02	1.243E+02	9.859E+00	2.823E+01	4.388E+00	0.000E+00
20	13	1	0	4.163E+03	7.816E+02	1.217E+01	4.492E+01	1.646E+00	0.000E+00
20	12	3	0	1.883E+02	2.552E+01	1.335E+01	1.800E+02	4.200E+00	0.000E+00
20	12	2	1	5.270E+02	1.293E+02	1.934E+02	7.000E+01	3.700E+00	1.000E-01
20	12	2	0	6.018E+02	1.203E+02	1.052E+01	2.600E+01	4.500E+00	0.000E+00
20	12	1	0	4.198E+03	7.401E+02	1.369E+01	5.000E+01	1.650E+00	0.000E+00
20	11	3	0	2.113E+02	1.605E+01	1.437E+01	6.989E+02	3.857E+00	0.000E+00
20	11	2	1	5.569E+02	6.511E+01	6.616E+02	4.371E+01	4.937E+00	7.881E-06
20	11	2	0	6.326E+02	8.448E+01	1.359E+01	2.702E+01	5.021E+00	0.000E+00
20	11	1	0	4.229E+03	6.805E+02	1.642E+01	3.522E+01	1.842E+00	0.000E+00
20	10	2	1	5.919E+02	7.052E+01	5.909E+02	4.129E+01	4.878E+00	7.117E-06
20	10	2	0	6.649E+02	9.384E+01	1.413E+01	1.780E+01	5.361E+00	0.000E+00
20	10	1	0	4.265E+03	7.010E+02	1.547E+01	3.197E+01	1.858E+00	0.000E+00
20	9	2	1	6.572E+02	1.184E+02	2.157E+02	5.000E+01	4.000E+00	3.000E-01
20	9	2	0	7.287E+02	1.187E+02	1.147E+01	2.600E+01	4.500E+00	0.000E+00
20	9	1	0	4.362E+03	7.503E+02	1.324E+01	5.000E+01	1.650E+00	0.000E+00
20	8	2	1	7.267E+02	8.942E+01	3.336E+02	5.766E+01	4.171E+00	1.104E-05
20	8	2	0	7.968E+02	1.154E+02	1.287E+01	2.461E+01	4.561E+00	0.000E+00
20	8	1	0	4.453E+03	6.989E+02	1.570E+01	3.218E+01	1.851E+00	0.000E+00
20	7	2	1	8.177E+02	1.152E+02	1.643E+02	5.000E+01	4.000E+00	3.000E-01
20	7	2	0	8.642E+02	1.145E+02	1.363E+01	2.600E+01	4.500E+00	0.000E+00
20	7	1	0	4.555E+03	7.396E+02	1.384E+01	5.000E+01	1.650E+00	0.000E+00
20	6	2	1	8.946E+02	1.144E+02	1.199E+02	5.000E+01	4.000E+00	3.000E-01
20	6	2	0	9.357E+02	1.122E+02	1.490E+01	2.600E+01	4.500E+00	0.000E+00
20	6	1	0	4.659E+03	7.342E+02	1.417E+01	5.000E+01	1.650E+00	0.000E+00
20	5	2	1	9.745E+02	4.041E+01	5.215E+02	1.044E+02	4.452E+00	1.164E-05
20	5	2	0	1.008E+03	1.169E+02	1.552E+01	2.618E+01	4.389E+00	0.000E+00
20	5	1	0	4.767E+03	6.862E+02	1.665E+01	3.443E+01	1.823E+00	0.000E+00
20	4	2	0	1.087E+03	1.072E+02	1.788E+01	2.600E+01	4.500E+00	0.000E+00
20	4	1	0	4.880E+03	7.235E+02	1.486E+01	5.000E+01	1.650E+00	0.000E+00
20	3	2	0	1.157E+03	9.395E+01	1.115E+01	3.959E+01	4.176E+00	0.000E+00
20	3	1	0	4.982E+03	6.640E+02	1.820E+01	3.979E+01	1.777E+00	0.000E+00
20	2	1	0	5.129E+03	6.297E+02	1.936E+01	3.921E+01	1.862E+00	0.000E+00
20	1	1	0	5.470E+03	1.729E+02	1.369E+02	3.288E+01	2.963E+00	0.000E+00
26	26	4	0	7.902E+00	1.277E+01	1.468E+00	1.116E+05	4.112E+00	3.238E-02
26	26	3	2	1.470E+01	1.407E+01	1.850E+04	4.458E+00	1.691E+01	4.039E-01
26	26	3	1	6.600E+01	7.630E+01	6.298E+01	1.479E+01	7.672E+00	2.646E-01
26	26	3	0	1.040E+02	4.334E+01	5.921E+00	5.293E+01	5.129E+00	0.000E+00
26	26	2	1	7.240E+02	2.948E+02	7.191E+01	3.219E+02	2.837E+00	6.314E-02
26	26	2	0	8.570E+02	5.727E+01	1.076E+01	2.785E+01	6.635E+00	0.000E+00
26	26	1	0	7.124E+03	8.044E+02	2.055E+01	3.633E+01	2.118E+00	0.000E+00
26	25	4	0	1.619E+01	1.014E+01	1.084E+00	2.562E+04	4.167E+00	1.598E-02
26	25	3	2	2.193E+01	1.933E+01	3.679E+04	3.564E+00	1.566E+01	4.144E-01
26	25	3	1	7.617E+01	7.750E+01	4.624E+01	2.155E+01	7.138E+00	2.599E-01
26	25	3	0	1.102E+02	4.663E+01	5.434E+00	9.271E+01	4.640E+00	0.000E+00
26	25	2	1	7.341E+02	2.281E+02	1.241E+02	8.058E+01	3.572E+00	1.223E-01
26	25	2	0	8.521E+02	1.431E+02	9.289E+00	2.026E+01	5.376E+00	0.000E+00
26	25	1	0	7.093E+03	8.931E+02	1.666E+01	2.381E+01	2.262E+00	0.000E+00
26	24	3	2	3.065E+01	2.670E+01	6.301E+03	5.385E+00	1.232E+01	4.407E-01
26	24	3	1	8.705E+01	7.777E+01	4.422E+01	2.336E+01	7.017E+00	2.557E-01
26	24	3	0	1.211E+02	5.277E+01	5.015E+00	2.131E+02	4.093E+00	0.000E+00
26	24	2	1	7.451E+02	2.023E+02	1.591E+02	5.990E+01	3.878E+00	1.309E-05
26	24	2	0	8.631E+02	2.158E+02	6.454E+00	2.722E+01	4.355E+00	0.000E+00
26	24	1	0	7.104E+03	1.245E+03	8.309E+00	3.170E+01	1.826E+00	0.000E+00
26	23	3	2	5.480E+01	4.154E+01	3.683E+02	3.529E+01	7.056E+00	3.316E-01
26	23	3	1	1.067E+02	7.625E+01	4.810E+01	2.286E+01	7.043E+00	2.449E-01
26	23	3	0	1.411E+02	5.256E+01	5.295E+00	2.332E+02	4.036E+00	0.000E+00
26	23	2	1	7.669E+02	2.032E+02	1.578E+02	5.933E+01	3.879E+00	1.308E-05
26	23	2	0	8.849E+02	2.059E+02	6.695E+00	2.772E+01	4.410E+00	0.000E+00
26	23	1	0	7.125E+03	1.155E+03	9.711E+00	3.329E+01	1.869E+00	0.000E+00
26	22	3	2	7.501E+01	4.369E+01	2.661E+02	6.273E+01	6.344E+00	2.402E-01
26	22	3	1	1.288E+02	7.273E+01	5.143E+01	2.428E+01	7.028E+00	1.365E-01
26	22	3	0	1.633E+02	5.218E+01	5.672E+00	2.482E+02	3.991E+00	0.000E+00
26	22	2	1	7.920E+02	1.996E+02	1.636E+02	5.719E+01	3.924E+00	1.320E-05
26	22	2	0	9.101E+02	1.818E+02	7.623E+00	2.401E+01	4.752E+00	0.000E+00
26	22	1	0	7.149E+03	1.124E+03	1.027E+01	3.534E+01	1.866E+00	0.000E+00
26	21	3	2	9.906E+01	4.487E+01	2.082E+02	9.579E+01	5.914E+00	2.368E-02
26	21	3	1	1.527E+02	7.260E+01	5.246E+01	2.751E+01	6.823E+00	2.105E-02
26	21	3	0	1.876E+02	5.277E+01	6.047E+00	2.797E+02	3.910E+00	0.000E+00
26	21	2	1	8.202E+02	1.952E+02	1.709E+02	5.690E+01	3.953E+00	1.330E-05
26	21	2	0	9.383E+02	1.803E+02	7.682E+00	2.415E+01	4.757E+00	0.000E+00
26	21	1	0	7.177E+03	1.113E+03	1.049E+01	3.537E+01	1.874E+00	0.000E+00
26	20	3	2	1.250E+02	4.332E+01	1.701E+02	9.791E+01	5.905E+00	2.604E-02
26	20	3	1	1.783E+02	7.433E+01	5.210E+01	3.306E+01	6.509E+00	2.404E-02
26	20	3	0	2.135E+02	5.365E+01	6.463E+00	3.169E+02	3.824E+00	0.000E+00
26	20	2	1	8.512E+02	1.840E+02	1.920E+02	5.238E+01	4.082E+00	1.377E-05
26	20	2	0	9.693E+02	1.694E+02	8.138E+00	2.316E+01	4.905E+00	0.000E+00
26	20	1	0	7.207E+03	1.110E+03	1.055E+01	3.563E+01	1.873E+00	0.000E+00
26	19	3	2	1.511E+02	3.652E+01	1.323E+02	9.277E+01	6.150E+00	2.051E-02
26	19	3	1	2.055E+02	7.556E+01	5.336E+01	3.855E+01	6.265E+00	2.667E-02
26	19	3	0	2.409E+02	5.450E+01	6.938E+00	3.605E+02	3.741E+00	0.000E+00
26	19	2	1	8.849E+02	1.788E+02	2.032E+02	5.293E+01	4.107E+00	1.398E-05
26	19	2	0	1.003E+03	1.694E+02	8.158E+00	2.345E+01	4.887E+00	0.000E+00
26	19	1	0	7.240E+03	1.103E+03	1.067E+01	3.584E+01	1.876E+00	0.000E+00
26	18	3	1	2.336E+02	7.704E+01	5.530E+01	4.380E+01	6.059E+00	2.673E-02
26	18	3	0	2.696E+02	5.701E+01	7.237E+00	4.092E+02	3.643E+00	0.000E+00
26	18	2	1	9.211E+02	1.715E+02	2.205E+02	5.298E+01	4.154E+00	1.508E-05
26	18	2	0	1.039E+03	1.706E+02	8.130E+00	2.387E+01	4.850E+00	0.000E+00
26	18	1	0	7.275E+03	1.102E+03	1.068E+01	3.576E+01	1.878E+00	0.000E+00
26	17	3	1	2.621E+02	7.914E+01	4.686E+01	5.125E+01	5.835E+00	2.574E-02
26	17	3	0	2.990E+02	5.854E+01	7.650E+00	4.679E+02	3.561E+00	0.000E+00
26	17	2	1	9.590E+02	1.647E+02	2.392E+02	5.276E+01	4.204E+00	1.574E-05
26	17	2	0	1.076E+03	1.710E+02	8.135E+00	2.440E+01	4.817E+00	0.000E+00
26	17	1	0	7.316E+03	1.098E+03	1.078E+01	3.596E+01	1.878E+00	0.000E+00
26	16	3	1	2.902E+02	7.972E+01	3.922E+01	5.574E+01	5.729E+00	2.828E-02
26	16	3	0	3.292E+02	6.060E+01	7.963E+00	5.214E+02	3.487E+00	0.000E+00
26	16	2	1	9.983E+02	1.632E+02	2.449E+02	5.452E+01	4.187E+00	1.594E-05
26	16	2	0	1.115E+03	1.714E+02	8.138E+00	2.516E+01	4.774E+00	0.000E+00
26	16	1	0	7.359E+03	1.095E+03	1.084E+01	3.598E+01	1.880E+00	0.000E+00
26	15	3	1	3.308E+02	8.150E+01	3.022E+01	6.039E+01	5.612E+00	2.772E-02
26	15	3	0	3.600E+02	6.329E+01	8.143E+00	5.637E+02	3.421E+00	0.000E+00
26	15	2	1	1.039E+03	1.383E+02	3.325E+02	5.090E+01	4.446E+00	1.114E-05
26	15	2	0	1.155E+03	1.720E+02	8.161E+00	2.570E+01	4.741E+00	0.000E+00
26	15	1	0	7.403E+03	1.096E+03	1.083E+01	3.612E+01	1.878E+00	0.000E+00
26	14	3	1	3.610E+02	8.203E+01	2.092E+01	6.128E+01	5.596E+00	3.441E-02
26	14	3	0	3.916E+02	6.712E+01	8.093E+00	5.886E+02	3.360E+00	0.000E+00
26	14	2	1	1.081E+03	1.392E+02	3.316E+02	5.237E+01	4.410E+00	1.107E-05
26	14	2	0	1.197E+03	1.722E+02	8.199E+00	2.626E+01	4.710E+00	0.000E+00
26	14	1	0	7.450E+03	1.103E+03	1.069E+01	3.585E+01	1.875E+00	0.000E+00
26	13	3	1	3.922E+02	7.993E+01	1.135E+01	5.807E+01	5.676E+00	6.512E-02
26	13	3	0	4.238E+02	7.077E+01	7.969E+00	5.650E+02	3.329E+00	0.000E+00
26	13	2	1	1.125E+03	1.387E+02	3.367E+02	5.279E+01	4.407E+00	1.111E-05
26	13	2	0	1.240E+03	1.724E+02	8.240E+00	2.693E+01	4.675E+00	0.000E+00
26	13	1	0	7.499E+03	1.112E+03	1.052E+01	3.562E+01	1.871E+00	0.000E+00
26	12	3	0	4.570E+02	4.064E+01	1.228E+01	1.800E+02	4.200E+00	0.000E+00
26	12	2	1	1.181E+03	2.136E+02	1.496E+02	7.000E+01	3.700E+00	1.000E-01
26	12	2	0	1.287E+03	1.967E+02	7.555E+00	2.600E+01	4.500E+00	0.000E+00
26	12	1	0	7.553E+03	1.258E+03	8.097E+00	5.000E+01	1.650E+00	0.000E+00
26	11	3	0	4.893E+02	2.873E+01	1.207E+01	5.150E+02	3.846E+00	0.000E+00
26	11	2	1	1.216E+03	1.396E+02	3.383E+02	5.459E+01	4.366E+00	1.179E-05
26	11	2	0	1.329E+03	1.363E+02	9.940E+00	3.026E+01	4.885E+00	0.000E+00
26	11	1	0	7.599E+03	1.061E+03	1.161E+01	3.713E+01	1.889E+00	0.000E+00
26	10	2	1	1.262E+03	1.412E+02	3.368E+02	5.569E+01	4.328E+00	1.177E-05
26	10	2	0	1.375E+03	1.534E+02	9.191E+00	2.691E+01	4.849E+00	0.000E+00
26	10	1	0	7.651E+03	1.067E+03	1.150E+01	3.412E+01	1.922E+00	0.000E+00
26	9	2	1	1.358E+03	1.999E+02	1.561E+02	5.000E+01	4.000E+00	3.000E-01
26	9	2	0	1.460E+03	1.940E+02	8.150E+00	2.600E+01	4.500E+00	0.000E+00
26	9	1	0	7.769E+03	1.249E+03	8.327E+00	5.000E+01	1.650E+00	0.000E+00
26	8	2	1	1.456E+03	1.338E+02	3.000E+02	7.010E+01	4.143E+00	1.631E-05
26	8	2	0	1.559E+03	1.623E+02	1.000E+01	2.675E+01	4.711E+00	0.000E+00
26	8	1	0	7.918E+03	1.068E+03	1.155E+01	3.578E+01	1.895E+00	0.000E+00
26	7	2	1	1.582E+03	1.975E+02	1.093E+02	5.000E+01	4.000E+00	3.000E-01
26	7	2	0	1.648E+03	1.888E+02	9.298E+00	2.600E+01	4.500E+00	0.000E+00
26	7	1	0	8.041E+03	1.235E+03	8.619E+00	5.000E+01	1.650E+00	0.000E+00
26	6	2	1	1.689E+03	1.970E+02	7.720E+01	5.000E+01	4.000E+00	3.000E-01
26	6	2	0	1.745E+03	1.860E+02	9.942E+00	2.600E+01	4.500E+00	0.000E+00
26	6	1	0	8.184E+03	1.228E+03	8.773E+00	5.000E+01	1.650E+00	0.000E+00
26	5	2	1	1.799E+03	8.070E+01	2.675E+02	1.191E+02	4.194E+00	1.901E-05
26	5	2	0	1.847E+03	1.708E+02	1.125E+01	2.839E+01	4.500E+00	0.000E+00
26	5	1	0	8.350E+03	1.066E+03	1.181E+01	4.116E+01	1.827E+00	0.000E+00
26	4	2	0	1.950E+03	1.799E+02	1.138E+01	2.600E+01	4.500E+00	0.000E+00
26	4	1	0	8.484E+03	1.215E+03	9.098E+00	5.000E+01	1.650E+00	0.000E+00
26	3	2	0	2.046E+03	1.873E+02	5.833E+00	3.849E+01	3.998E+00	0.000E+00
26	3	1	0	8.638E+03	1.087E+03	1.157E+01	5.086E+01	1.722E+00	0.000E+00
26	2	1	0	8.829E+03	1.057E+03	1.195E+01	5.769E+01	1.718E+00	0.000E+00
26	1	1	0	9.278E+03	2.932E+02	8.099E+01	3.288E+01	2.963E+00	0.000E+00
