0.073864 23.911378 73.909202 23.342310
0.084418 31.713803 38.920567 29.769391
0.094356 23.363960 20.442150 17.001228
0.103801 20.613586 12.370334 12.406949
0.112839 19.080668 7.426122 9.146585
0.121533 15.438910 5.101510 6.596311
0.129933 12.761005 4.257645 4.858263
0.138074 10.174462 2.267798 4.193994
0.145988 7.252485 2.060627 2.748761
0.153699 5.400080 1.458890 2.167233
0.161227 4.238446 1.173626 1.673023
0.168589 3.380179 0.588012 1.671775
0.175800 2.614271 0.480787 1.385757
0.182872 2.245828 0.408151 1.191236
0.189818 1.737039 0.532751 0.866298
0.196645 1.388239 0.469950 0.705336
0.203363 1.286205 0.392971 0.669299
0.209980 1.153419 0.351496 0.611971
0.216501 0.950903 0.341887 0.479455
0.222934 0.896880 0.303999 0.451297
0.229283 0.837267 0.279535 0.422136
0.235554 0.771038 0.255435 0.378930
0.241751 0.754380 0.266382 0.333582
0.247878 0.695503 0.233400 0.311407
0.253940 0.676412 0.195641 0.313439
0.259938 0.644351 0.192623 0.293079
0.265878 0.601181 0.168820 0.276514
0.271762 0.589628 0.160266 0.271435
0.277593 0.564326 0.157028 0.249038
0.283373 0.544912 0.151829 0.238468
0.289105 0.516868 0.168613 0.209573
0.294791 0.491297 0.162466 0.197858
0.300433 0.472605 0.152765 0.201734
0.306034 0.449708 0.148136 0.189295
0.311595 0.448202 0.145461 0.187293
0.317118 0.478345 0.126360 0.195989
0.322604 0.488500 0.096264 0.219854
0.328056 0.444852 0.107397 0.201153
0.333475 0.407661 0.138870 0.161255
0.338862 0.427650 0.108945 0.186914
0.344218 0.425145 0.099802 0.189559
0.349546 0.414870 0.125494 0.159789
0.354846 0.388912 0.136698 0.138504
0.360119 0.390689 0.139981 0.134728
0.365367 0.391208 0.126692 0.139102
0.370590 0.385838 0.129631 0.135870
0.375791 0.376181 0.128788 0.129728
0.380969 0.379271 0.127224 0.129868
0.386125 0.364864 0.108461 0.140553
0.391261 0.361455 0.108718 0.137249
0.396378 0.355244 0.103888 0.136137
0.401477 0.354158 0.104233 0.135180
0.406557 0.345556 0.106988 0.127902
0.411620 0.341878 0.101257 0.132312
0.416668 0.341294 0.107243 0.121535
0.421700 0.343000 0.108030 0.117340
0.426717 0.339371 0.104385 0.115534
0.431720 0.336808 0.103844 0.114441
0.436709 0.334819 0.102791 0.112249
0.441686 0.331456 0.104405 0.109539
0.446651 0.326634 0.102317 0.108823
0.451605 0.324731 0.100413 0.107817
0.456547 0.324139 0.095101 0.110711
0.461480 0.323690 0.091891 0.112601
0.466402 0.319951 0.090946 0.111369
0.471316 0.318196 0.089860 0.111820
0.476221 0.313290 0.092405 0.106350
0.481118 0.312061 0.090281 0.107796
0.486007 0.308196 0.088247 0.107006
0.490889 0.309046 0.087413 0.107078
0.495765 0.321211 0.072799 0.119588
0.500634 0.318833 0.066970 0.125075
0.505498 0.315195 0.065149 0.124039
0.510357 0.310285 0.074692 0.113432
0.515211 0.308519 0.070010 0.115539
0.520061 0.308854 0.067891 0.115785
0.524907 0.295711 0.075450 0.105808
0.529749 0.296650 0.075617 0.104581
0.534589 0.293277 0.072872 0.105011
0.539425 0.292289 0.072652 0.104733
0.544260 0.289489 0.071014 0.104260
0.549092 0.287768 0.072581 0.101746
0.553923 0.285024 0.071831 0.101399
0.558753 0.281478 0.072811 0.100141
0.563582 0.304286 0.048843 0.122612
0.568411 0.283065 0.067624 0.102744
0.573240 0.280836 0.067100 0.101670
0.578069 0.279115 0.066907 0.101207
0.582898 0.282421 0.057352 0.109472
0.587729 0.280531 0.055786 0.109584
0.592561 0.278049 0.055246 0.108552
0.597394 0.274920 0.052003 0.110652
0.602229 0.283054 0.040193 0.120404
0.607067 0.260942 0.059833 0.099643
0.611907 0.259321 0.059690 0.098663
0.616750 0.277358 0.038873 0.117490
0.621596 0.275014 0.038213 0.116279
0.626446 0.249521 0.060017 0.092947
0.631299 0.249019 0.057826 0.093039
0.636157 0.264777 0.039286 0.109867
0.641018 0.263440 0.036814 0.110932
0.645885 0.261121 0.037876 0.107865
0.650756 0.257989 0.037956 0.105721
0.655632 0.255070 0.037455 0.104135
0.660514 0.245674 0.043136 0.096775
0.665401 0.243208 0.042814 0.095206
0.670295 0.240725 0.041631 0.094658
0.675194 0.237479 0.041223 0.093016
0.680101 0.234650 0.040957 0.092041
0.685013 0.233540 0.038816 0.092599
0.689933 0.226235 0.043751 0.086598
0.694860 0.228200 0.038494 0.090393
0.699795 0.226553 0.038770 0.088606
0.704737 0.224959 0.040310 0.085353
0.709687 0.221951 0.039761 0.084249
0.714646 0.220195 0.037918 0.084482
0.719613 0.217299 0.037258 0.083488
0.724589 0.214079 0.037008 0.082204
0.729573 0.211069 0.037101 0.080755
0.734567 0.208448 0.036894 0.079420
0.739570 0.203006 0.032656 0.082072
0.744583 0.200321 0.031629 0.081522
0.749606 0.198316 0.032898 0.078525
0.754639 0.192850 0.031003 0.078499
0.759682 0.192486 0.027910 0.079655
0.764735 0.189704 0.027602 0.078374
0.769800 0.184569 0.029511 0.074900
0.774875 0.183701 0.027398 0.075612
0.779962 0.178841 0.029184 0.072261
0.785060 0.177343 0.026150 0.073706
0.790169 0.178320 0.031475 0.066459
0.795291 0.175290 0.030708 0.065439
0.800424 0.172602 0.030701 0.063765
0.805570 0.169872 0.029827 0.062923
0.810728 0.166847 0.029264 0.061731
0.815899 0.163890 0.029216 0.060476
0.821083 0.160691 0.029974 0.058079
0.826280 0.157775 0.029708 0.056580
0.831491 0.153490 0.026099 0.058554
0.836715 0.150501 0.025386 0.057450
0.841952 0.147554 0.024462 0.056611
0.847204 0.144499 0.023739 0.055534
0.852469 0.141836 0.023286 0.054458
0.857749 0.138887 0.023054 0.053175
0.863044 0.136212 0.023090 0.051911
0.868353 0.134620 0.022099 0.051339
0.873677 0.129686 0.023173 0.048567
0.879017 0.127492 0.023364 0.046533
0.884371 0.125498 0.021299 0.046791
0.889741 0.120727 0.021649 0.045153
0.895127 0.117712 0.020452 0.044094
0.900529 0.114358 0.019341 0.043538
0.905947 0.110253 0.018971 0.041700
0.911381 0.106986 0.019009 0.039909
0.916832 0.103021 0.018365 0.038544
0.922300 0.100044 0.017693 0.037578
0.927784 0.096641 0.017758 0.035729
0.933286 0.092664 0.016905 0.034437
0.938804 0.089333 0.016243 0.033443
0.944340 0.085699 0.016931 0.030382
0.949894 0.082818 0.016214 0.029431
0.955466 0.077756 0.014818 0.028216
0.961056 0.074796 0.014304 0.026976
0.966664 0.069918 0.013789 0.025011
0.972290 0.066030 0.013063 0.023763
0.977935 0.060911 0.012600 0.021916
0.983599 0.059393 0.008611 0.023448
0.989282 0.052418 0.011349 0.018904
0.994984 0.046055 0.008513 0.018559
1.000705 0.047416 0.008488 0.019383
