0.062500 0.003774 0.011537 0.003696
0.073864 0.450701 0.280702 0.386619
0.084418 1.956971 0.867228 1.171791
0.094356 4.552960 1.240907 2.800872
0.103801 7.374943 3.885217 3.922280
0.112839 13.494909 6.479161 6.132333
0.121533 20.893818 9.445522 8.358328
0.129933 35.545996 8.512524 16.459786
0.138074 47.767616 9.397834 22.716336
0.145988 55.904919 20.022521 21.594859
0.153699 80.126084 16.536956 36.018074
0.161227 98.295672 23.159528 40.977202
0.168589 116.376388 27.207912 47.035598
0.175800 132.828858 31.916142 53.080068
0.182872 155.739564 34.938936 61.191114
0.189818 171.535300 42.086900 65.295500
0.196645 181.867581 44.279119 68.807181
0.203363 203.900103 45.725897 76.947403
0.209980 220.641210 52.147490 78.367110
0.216501 220.308803 50.887697 80.829503
0.222934 229.853207 63.864393 74.655907
0.229283 236.154077 58.486523 83.707877
0.235554 231.333893 59.140707 81.749593
0.241751 239.888026 63.396974 81.184426
0.247878 231.828612 56.984088 84.926112
0.253940 262.982511 27.322889 112.725511
0.259938 264.832975 32.102925 110.061975
0.265878 234.959082 52.181318 83.912282
0.271762 232.571845 49.456555 85.558445
0.277593 226.824944 44.986156 85.249644
0.283373 208.576230 53.712070 73.113030
0.289105 200.307487 56.793713 68.523287
0.294791 189.537348 57.452452 61.658248
0.300433 185.276599 57.331101 60.558099
0.306034 173.494062 55.767238 56.228562
0.311595 178.624784 37.169516 73.267384
0.317118 170.398838 34.721762 70.468508
0.322604 162.394508 31.078192 70.501458
0.328056 153.255587 31.087113 66.445647
0.333475 144.997689 30.602511 63.038529
0.338862 133.459655 31.878945 59.534195
0.344218 122.660362 33.177438 53.503232
0.349546 121.422006 39.449894 45.511136
0.354846 113.399424 33.772676 46.817254
0.360119 109.596570 34.669330 44.163290
0.365367 100.802498 31.678602 41.689468
0.370590 96.249746 32.952254 38.667836
0.375791 87.136511 25.853689 41.791531
0.380969 86.484970 22.548730 43.219950
0.386125 84.521028 26.927572 34.878278
0.391261 81.584114 26.063886 34.024104
0.396378 74.838569 17.567081 39.090649
0.401477 71.406004 16.033086 38.472674
0.406557 67.147998 16.771852 35.267048
0.411620 64.389770 15.583430 34.735400
0.416668 61.467258 16.826442 31.766868
0.421700 58.850742 14.212898 32.607842
0.426717 60.802769 8.659861 35.807919
0.431720 49.820709 17.069391 25.591689
0.436709 47.751865 16.110975 24.641835
0.441686 51.704906 9.762044 29.529086
0.446651 49.291660 8.540450 28.550800
0.451605 40.791702 14.931488 20.749122
0.456547 45.553902 7.495798 26.373722
0.461480 44.072474 7.087776 25.931254
0.466402 40.878256 9.192924 22.438216
0.471316 39.241871 8.607809 22.040131
0.476221 38.338265 7.036945 22.075605
0.481118 37.506672 7.190098 21.223192
0.486007 35.277796 6.815784 20.381246
0.490889 34.773399 6.571631 19.907019
0.495765 32.694680 5.496190 19.781430
0.500634 31.843934 5.303046 19.328054
0.505498 31.232098 5.288182 18.271488
0.510357 30.237912 5.025688 17.941552
0.515211 29.544340 5.950010 15.940530
0.520061 28.198014 4.176226 17.193754
0.524907 27.221545 5.700385 14.551225
0.529749 27.438462 4.788708 14.939892
0.534589 25.321120 3.660130 15.261690
0.539425 23.309091 6.024089 12.410021
0.544260 23.817018 4.227612 13.334958
0.549092 23.014332 4.000508 13.037403
0.553923 20.523071 5.152839 11.232574
0.558753 19.909626 5.153254 10.707742
0.563582 19.088495 4.845595 10.323136
0.568411 18.987245 3.025965 11.632741
0.573240 17.942949 2.801041 11.263289
0.578069 17.376948 2.695642 10.854232
0.582898 16.422071 2.846889 10.164898
0.587729 15.895240 2.809670 9.719735
0.592561 15.830901 3.275459 8.713891
0.597394 15.170612 3.213398 8.316548
0.602229 14.585029 3.034911 8.061806
0.607067 13.968720 2.932150 7.685339
0.611907 13.520010 2.797980 7.384880
0.616750 12.894793 2.648587 7.090553
0.621596 11.921674 1.796386 7.614463
0.626446 11.333041 1.799339 7.202766
0.631299 9.755473 2.774477 5.885262
0.636157 9.365430 2.881460 5.390574
0.641018 9.111664 2.700216 5.255150
0.645885 8.590790 2.563930 5.023301
0.650756 8.337476 2.483674 4.820681
0.655632 8.062033 2.634697 4.330570
0.660514 7.826184 2.478826 4.216903
0.665401 7.597002 2.170401 4.194840
0.670295 7.124358 1.684779 4.467811
0.675194 6.973447 1.987923 3.872407
0.680101 6.544008 1.518177 4.122292
0.685013 6.506034 1.489802 3.855622
0.689933 6.082270 1.626490 3.488178
0.694860 5.805249 1.502198 3.359790
0.699795 5.528365 1.275323 3.399939
0.704737 5.347394 1.420914 3.041037
0.709687 5.215614 1.232447 3.058980
0.714646 4.892797 1.085833 3.004213
0.719613 4.712063 1.079529 2.846369
0.724589 4.436721 0.978635 2.739833
0.729573 4.459591 1.190903 2.382436
0.734567 4.212569 1.135857 2.253612
0.739570 4.078820 1.079543 2.166938
0.744583 3.711641 0.747937 2.338516
0.749606 3.620214 0.793959 2.164198
0.754639 3.402896 0.709119 2.088037
0.759682 3.330300 0.691239 1.999334
0.764735 3.153399 0.650959 1.898840
0.769800 3.126541 0.769792 1.673883
0.774875 2.948938 0.718622 1.588223
0.779962 2.858923 0.692426 1.520690
0.785060 2.699060 0.661896 1.436158
0.790169 2.625884 0.646998 1.359593
0.795291 2.454149 0.588795 1.307076
0.800424 2.198696 0.755482 1.061329
0.805570 2.076312 0.707690 1.003502
0.810728 2.012531 0.680211 0.961384
0.815899 1.899497 0.638702 0.908907
0.821083 1.833245 0.618653 0.865775
0.826280 1.734890 0.588658 0.816236
0.831491 1.651013 0.577473 0.775450
0.836715 1.566508 0.546049 0.735482
0.841952 1.494621 0.511262 0.714575
0.847204 1.435310 0.514338 0.650238
0.852469 1.366569 0.495554 0.616228
0.857749 1.291342 0.444215 0.612527
0.863044 1.234566 0.442555 0.559034
0.868353 1.180613 0.419690 0.530882
0.873677 1.116769 0.400063 0.499633
0.879017 1.073411 0.384192 0.479760
0.884371 1.015324 0.362807 0.454520
0.889741 0.959100 0.338959 0.452923
0.895127 0.893339 0.304765 0.438345
0.900529 0.866175 0.306338 0.410640
0.905947 0.809973 0.280782 0.394045
0.911381 0.773392 0.266527 0.379654
0.916832 0.728836 0.250439 0.357920
0.922300 0.694212 0.225656 0.356307
0.927784 0.666259 0.220462 0.329607
0.933286 0.631723 0.221665 0.299869
0.938804 0.609533 0.208376 0.293975
0.944340 0.560303 0.177764 0.295211
0.949894 0.539580 0.173997 0.281297
0.955466 0.496268 0.162702 0.260077
0.961056 0.513611 0.163323 0.247188
0.966664 0.485556 0.145525 0.238661
0.972290 0.441712 0.130679 0.233620
0.977935 0.414308 0.116180 0.226234
0.983599 0.388418 0.111412 0.212114
0.989282 0.370248 0.107394 0.203461
0.994984 0.345430 0.104601 0.186939
1.000705 0.278718 0.103734 0.143892
